trade_date,symbol,name,open,high,low,close,volume,amount
2021-01-04,600031.SH,三一重工,31.698113118227795,32.3815334294293,30.933761454384,31.293456355016374,1027586,3603293523.0
2021-01-05,600031.SH,三一重工,31.032677552057905,33.09193085817823,30.843837729225907,32.867121545283,1072169,3824580578.0
2021-01-06,600031.SH,三一重工,32.89409866283043,33.68542744422165,32.37254105691349,33.23580881843119,1097482,4029568407.0
2021-01-07,600031.SH,三一重工,33.72139693428489,36.562986649280624,33.52356473893708,36.32019259135377,1401786,5461735680.0
2021-01-08,600031.SH,三一重工,36.32019259135377,37.210437470418896,35.07924518417209,36.302207846322155,1459535,5862015211.0
2021-01-11,600031.SH,三一重工,36.23926123871149,39.62039330465579,35.96949006323721,37.66005609620937,1423882,5987453204.0
2021-01-12,600031.SH,三一重工,36.87771968733395,41.095142397248516,36.87771968733395,41.095142397248516,1608950,7025190782.0
2021-01-13,600031.SH,三一重工,41.095142397248516,43.97270160230749,38.66720181798,39.746286519877124,2631426,12046368331.0
2021-01-14,600031.SH,三一重工,39.45853059937122,40.37575259598377,36.509032414185775,37.13849849029242,2382252,10093647816.0
2021-01-15,600031.SH,三一重工,37.13849849029242,37.920834899167836,35.46591720235189,37.26439170551375,1754349,7217736752.0
2021-01-18,600031.SH,三一重工,37.273384078029565,37.90285015413621,35.75367312285779,37.453231528345746,1213881,5015823894.0
2021-01-19,600031.SH,三一重工,36.87771968733395,37.390284920735084,35.0882375566879,35.34002398713056,1684572,6743015982.0
2021-01-20,600031.SH,三一重工,35.34002398713056,36.37414682644864,35.34002398713056,35.83460447550007,1098107,4384907815.0
2021-01-21,600031.SH,三一重工,36.347169708901205,37.588117116082884,36.347169708901205,37.588117116082884,1379488,5684796514.0
2021-01-22,600031.SH,三一重工,37.51617813595641,37.51617813595641,36.33817733638539,37.13849849029242,1124267,4609062069.0
2021-01-25,600031.SH,三一重工,36.868727314818145,39.4315534818238,35.77165786788941,39.11682044377047,1759796,7428447363.0
2021-01-26,600031.SH,三一重工,38.4693696226322,38.613247582885144,37.03059002010271,37.29136882306118,1219118,5111613557.0
2021-01-27,600031.SH,三一重工,36.868727314818145,38.280529799800206,36.69787223701777,38.12765946703144,1122315,4719968485.0
2021-01-28,600031.SH,三一重工,36.67988749198615,37.5971094885987,36.11336802349016,36.29321547380635,986387,4042306501.0
2021-01-29,600031.SH,三一重工,36.99462053003948,37.21942984293471,35.78964261292102,36.38313919896444,883512,3591302403.0
2021-02-01,600031.SH,三一重工,36.059413788395304,37.74098744885165,35.41196296725704,37.51617813595641,958694,3946176209.0
2021-02-02,600031.SH,三一重工,37.94781201671526,38.64921707294838,37.57912474356708,37.92982727168364,1046126,4436138716.0
2021-02-03,600031.SH,三一重工,37.794941683946504,39.33263738414989,37.64207135117774,39.06286620867561,1287816,5570335406.0
2021-02-04,600031.SH,三一重工,38.49634674017963,38.847049268296196,37.13849849029242,38.055720486904974,1105930,4669571458.0
2021-02-05,600031.SH,三一重工,38.16362895709468,39.017904346096564,37.228422215450514,37.390284920735084,1069659,4549512272.0
2021-02-08,600031.SH,三一重工,37.67804084124098,40.91529494693233,37.66904846872517,40.43869920359444,1632426,7153654248.0
2021-02-09,600031.SH,三一重工,40.72645512410033,43.388197388779886,40.1149737930253,42.12027286405078,1591840,7435417254.0
2021-02-10,600031.SH,三一重工,42.336089804430195,43.882777877149394,41.19405849492242,43.10044146827399,1196678,5676476416.0
2021-02-18,600031.SH,三一重工,44.755038011182904,45.23163375452079,42.17422709914563,42.399036412040864,1302040,6276895993.0
2021-02-19,600031.SH,三一重工,42.31810505939858,42.74074656764162,39.10782807125466,40.43869920359444,1760578,7899254356.0
2021-02-22,600031.SH,三一重工,40.285828870825675,40.80738647674262,38.76611791565391,38.918988248422664,1394753,6167603256.0
2021-02-23,600031.SH,三一重工,38.847049268296196,40.96924918202719,38.66720181798,39.926133970193305,1301483,5805840458.0
2021-02-24,600031.SH,三一重工,40.46567632114186,40.9872339270588,38.10967472199983,38.53231623024286,1529867,6722165517.0
2021-02-25,600031.SH,三一重工,38.79309503320133,39.539461952013504,37.30036119557699,38.802087405717145,1300729,5577682564.0
2021-02-26,600031.SH,三一重工,36.868727314818145,37.85788829155717,36.51802478670158,36.967643412492045,1213316,5008479619.0
2021-03-01,600031.SH,三一重工,37.588117116082884,39.79124838245617,37.20144509790308,39.79124838245617,1303574,5611822165.0
2021-03-02,600031.SH,三一重工,40.26784412579406,40.789401731710996,38.82906452326457,39.11682044377047,1074164,4745214266.0
2021-03-03,600031.SH,三一重工,38.66720181798,39.02689671861238,37.82191880149393,38.89201113087524,882803,3766082215.0
2021-03-04,600031.SH,三一重工,38.59526283785353,38.658209445464195,36.41910868902768,36.85973494230234,1303711,5399637239.0
2021-03-05,600031.SH,三一重工,35.41196296725704,37.56113999853546,35.0882375566879,36.967643412492045,861337,3495912751.0
2021-03-08,600031.SH,三一重工,36.868727314818145,38.26254505476858,35.420955339772846,35.70871126027875,1164057,4772105206.0
2021-03-09,600031.SH,三一重工,35.277077379519895,35.42994771228865,32.2916097042712,33.17286221082052,2076560,7821319792.0
2021-03-10,600031.SH,三一重工,34.18900030510697,34.61164181335001,33.487595248873845,34.036129972338216,1169066,4435800013.0
2021-03-11,600031.SH,三一重工,34.08109183491726,35.14219179178276,33.94620624718012,34.30590114781249,1032286,3957243162.0
2021-03-12,600031.SH,三一重工,34.48574859812868,34.755519773602956,32.966037642956906,33.96419099221174,1006360,3784602043.0
2021-03-15,600031.SH,三一重工,33.69441981673746,33.72139693428489,32.003853783765315,32.264632586723785,1126098,4092300389.0
2021-03-16,600031.SH,三一重工,32.25564021420797,32.723243585030055,31.09562415966857,31.65315125564875,1370828,4825679937.0
2021-03-17,600031.SH,三一重工,32.102769881439215,32.984022387988524,31.536250412943225,32.6692893499352,1123186,4059041953.0
2021-03-18,600031.SH,三一重工,32.89409866283043,33.5415494839687,32.74122833006167,33.27177830849442,838626,3094401375.0
2021-03-19,600031.SH,三一重工,32.3815334294293,33.055961368115,32.12075462647083,32.39951817446092,960953,3478208256.0
2021-03-22,600031.SH,三一重工,33.055961368115,34.512725715676105,32.68727409496682,33.10092323069405,1104057,4101581867.0
2021-03-23,600031.SH,三一重工,33.11890797572566,33.23580881843119,31.644158883132935,32.17470886156569,764081,2731950627.0
2021-03-24,600031.SH,三一重工,31.94090717615465,32.14773174401826,30.358249613372205,30.565074181235822,1275561,4369163846.0
2021-03-25,600031.SH,三一重工,30.124447927961167,30.82585298419429,29.83669200745527,30.57406655375163,722168,2446205375.0
2021-03-26,600031.SH,三一重工,31.005700434510477,32.37254105691349,30.86182247425753,32.084785136407596,1139709,4029336689.0
2021-03-29,600031.SH,三一重工,32.201685979113115,32.68727409496682,31.62617413810132,32.24664784169216,733154,2634336413.0
2021-03-30,600031.SH,三一重工,32.822159682703955,33.61348846409518,32.39052580194511,33.29875542604185,959958,3537037070.0
2021-03-31,600031.SH,三一重工,33.145885093273094,33.145885093273094,30.484142828593537,30.70895214148877,2502768,8613818912.0
2021-04-01,600031.SH,三一重工,30.32228012330897,31.617181765585507,30.259333515698305,31.38338008017447,1145615,3958085012.0
2021-04-02,600031.SH,三一重工,31.49128855036418,32.1926936065973,31.06864704212114,31.716097863259414,851963,2990225706.0
2021-04-06,600031.SH,三一重工,31.716097863259414,32.264632586723785,31.09562415966857,31.38338008017447,767974,2683102770.0
2021-04-07,600031.SH,三一重工,31.23050974740571,31.518265667911606,30.67298265142553,31.419349570237703,823204,2841124464.0
2021-04-08,600031.SH,三一重工,31.725090235775223,31.725090235775223,30.85283010174172,30.915776709352386,726080,2510529079.0
2021-04-09,600031.SH,三一重工,31.293456355016374,31.33841821759542,29.83669200745527,30.034524202803073,1088923,3656732448.0
2021-04-12,600031.SH,三一重工,30.04351657531888,30.124447927961167,27.768446328819127,28.065194621840835,2234661,7067960520.0
2021-04-13,600031.SH,三一重工,28.14612597448312,28.66768358040006,27.849377681461412,28.16411071951474,969220,3044560899.0
2021-04-14,600031.SH,三一重工,28.361942914862542,28.586752227757774,28.11914885693569,28.352950542346733,757668,2388163152.0
2021-04-15,600031.SH,三一重工,28.23604969964121,28.50582087511549,27.300842957997045,28.451866640020636,977149,3033274542.0
2021-04-16,600031.SH,三一重工,29.225210676380236,29.378081009148996,28.26302681718864,28.63171409033682,992834,3165257590.0
2021-04-19,600031.SH,三一重工,28.64070646285263,29.6748293021707,27.89433954404046,29.584905577012606,1342117,4346482541.0
2021-04-20,600031.SH,三一重工,29.288157283990902,29.485989479338706,28.784584423105578,29.072340343611476,1037919,3356988267.0
2021-04-21,600031.SH,三一重工,28.76659967807396,28.865515775747866,28.074186994356644,28.685668325431678,897972,2845177192.0
2021-04-22,600031.SH,三一重工,28.613729345305202,28.92846238335853,28.307988679767686,28.478843757568065,734374,2328040212.0
2021-04-23,600031.SH,三一重工,28.478843757568065,29.845684379971075,28.442874267504827,29.611882694560034,1590716,5202257924.0
2021-04-26,600031.SH,三一重工,29.620875067075843,29.989562340224026,28.50582087511549,28.64070646285263,1362623,4431207946.0
2021-04-27,600031.SH,三一重工,28.37093528737835,28.460859012536442,27.714492093724274,28.200080209577976,995982,3110576227.0
2021-04-28,600031.SH,三一重工,28.4158971499574,28.550782737694536,27.90333191655627,28.343958169830923,842659,2637269766.0
2021-04-29,600031.SH,三一重工,28.487836130083874,28.586752227757774,28.020232759261788,28.514813247631302,832734,2622089393.0
2021-04-30,600031.SH,三一重工,28.622721717821012,28.65869120788425,27.49867515334485,27.768446328819127,1351859,4197182264.0
2021-05-06,600031.SH,三一重工,28.1281412294515,28.14612597448312,26.914170939817243,27.13898025271248,1264653,3846807063.0
2021-05-07,600031.SH,三一重工,27.570614133471324,28.0292251317776,27.183942115291526,27.255881095417998,1085275,3335862612.0
2021-05-10,600031.SH,三一重工,26.995102292459528,27.291850585481235,26.07788029584698,26.698353999437824,1358521,4012393234.0
2021-05-11,600031.SH,三一重工,26.374628588868685,26.482537059058398,25.340505749550616,26.07788029584698,1740507,5000768217.0
2021-05-12,600031.SH,三一重工,25.655238787603942,26.1947811385525,25.5203531998668,25.844078610435936,1210064,3476350078.0
2021-05-13,600031.SH,三一重工,25.41244472967709,25.655238787603942,24.791971026086248,24.863910006212723,1884648,5251413832.0
2021-05-14,600031.SH,三一重工,24.863910006212723,26.257727746163166,24.6480930658333,26.149819275973453,2129888,6068584002.0
2021-05-17,600031.SH,三一重工,26.167804021005075,27.246888722902188,25.781132002825274,26.86021670472239,2060582,6088054537.0
2021-05-18,600031.SH,三一重工,26.84223195969077,26.84223195969077,26.266720118678975,26.635407391827158,946794,2785123523.0
2021-05-19,600031.SH,三一重工,26.527498921637445,27.282858212965426,26.22175825609993,26.68936162692201,1239399,3691544078.0
2021-05-20,600031.SH,三一重工,26.905178567301437,27.408751428186758,26.581453156732298,26.71633874446944,1176337,3519120298.0
2021-05-21,600031.SH,三一重工,26.527498921637445,26.554476039184873,25.844078610435936,25.978964198173077,1298775,3763370715.0
2021-05-24,600031.SH,三一重工,25.94299470810984,26.752308234532677,25.44841421974033,26.70734637195363,1395485,4049448059.0
2021-05-25,600031.SH,三一重工,26.572460784216492,26.95014042988048,25.996948943204696,26.797270097111724,1814636,5347705778.0
2021-05-26,600031.SH,三一重工,27.067041272586003,28.1281412294515,27.040064155038575,27.246888722902188,2502348,7659974162.0
2021-05-27,600031.SH,三一重工,26.95913280239629,28.020232759261788,26.71633874446944,27.90333191655627,2200433,6737049110.0
2021-05-28,600031.SH,三一重工,27.966278524166935,28.1281412294515,27.246888722902188,27.426736173218377,1727863,5304224999.0
2021-05-31,600031.SH,三一重工,27.471698035797424,27.570614133471324,26.752308234532677,27.23789635038638,1526015,4579264077.0
2021-06-01,600031.SH,三一重工,27.085026017617622,28.433881894989018,26.923163312333056,28.433881894989018,2430240,7542766664.0
2021-06-02,600031.SH,三一重工,28.595744600273584,29.000401363485004,27.87635479900884,27.984263269198554,1800864,5645821243.0
2021-06-03,600031.SH,三一重工,27.984263269198554,28.16411071951474,27.525652270892277,27.741469211271703,1140391,3522594220.0
2021-06-04,600031.SH,三一重工,27.48069040831323,27.65154548611361,27.031071782522766,27.291850585481235,1543476,4677711989.0
2021-06-07,600031.SH,三一重工,27.156964997744094,27.561621760955514,26.97711754742791,27.12099550768086,1156198,3487051744.0
2021-06-08,600031.SH,三一重工,27.156964997744094,27.426736173218377,26.995102292459528,27.38177431063933,1019923,3086627229.0
2021-06-09,600031.SH,三一重工,27.246888722902188,27.37278193812352,27.031071782522766,27.085026017617622,756662,2282519090.0
2021-06-10,600031.SH,三一重工,27.067041272586003,27.426736173218377,26.338659098805447,26.36563621635288,1810843,5422918196.0
2021-06-11,600031.SH,三一重工,26.07788029584698,26.07788029584698,25.17864304426605,25.43942184722452,2410423,6809871535.0
2021-06-15,600031.SH,三一重工,25.41244472967709,25.41244472967709,24.639100693317488,25.268566769424144,1272157,3537329866.0
2021-06-16,600031.SH,三一重工,25.39720222662891,25.39720222662891,24.68968248297825,24.735625323475045,1099464,2984649906.0
2021-06-17,600031.SH,三一重工,24.735625323475045,25.15829945604557,24.487533984792343,24.88264241306479,942490,2547326837.0
2021-06-18,600031.SH,三一重工,24.946962389760305,25.14911088794621,24.239442646109644,25.14911088794621,1525635,4090995423.0
2021-06-21,600031.SH,三一重工,25.084790911250696,25.084790911250696,24.67130534677953,24.845888140667356,871096,2359206823.0
2021-06-22,600031.SH,三一重工,24.799945300170556,26.270116196068034,24.76319102777312,25.94851631259046,2062829,5792978668.0
2021-06-23,600031.SH,三一重工,25.94851631259046,26.07715626598149,25.360447954231475,25.819876359199434,1296483,3624985923.0
2021-06-24,600031.SH,三一重工,25.82906492729879,26.049590561683416,25.461522203324424,25.920950608292387,904460,2539741519.0
2021-06-25,600031.SH,三一重工,25.966893448789182,26.92250453112254,25.801499223000715,26.747921737234716,1786651,5152236117.0
2021-06-28,600031.SH,三一重工,26.79386457773151,26.858184554427027,26.187419083173804,26.453887558055218,1250108,3589158061.0
2021-06-29,600031.SH,三一重工,26.288493332266754,26.35281330896227,25.590162156715454,25.608539292914173,1264965,3547813634.0
2021-06-30,600031.SH,三一重工,25.636104997212247,26.803053145830873,25.636104997212247,26.711167464837278,1768529,5073213109.0
2021-07-01,600031.SH,三一重工,26.858184554427027,27.115464461209086,26.00364772118662,26.08634483408085,1269384,3634244314.0
2021-07-02,600031.SH,三一重工,25.819876359199434,25.819876359199434,24.772379595872483,24.845888140667356,1809101,4942081078.0
2021-07-05,600031.SH,三一重工,24.78156816397184,24.78156816397184,23.632997151551937,24.000539875526307,1985415,5196684793.0
2021-07-06,600031.SH,三一重工,23.75244853684361,24.267008350407725,23.75244853684361,24.110802692718615,1110952,2907715046.0
2021-07-07,600031.SH,三一重工,23.899465626433358,24.43240257619619,23.899465626433358,24.07404842032118,1177822,3094736692.0
2021-07-08,600031.SH,三一重工,24.138368397016695,24.31295119090452,23.182757314683336,23.26545442757757,1980843,5076235112.0
2021-07-09,600031.SH,三一重工,23.11843733798782,23.75244853684361,22.842780295007042,23.614620015353218,1248699,3185952717.0
2021-07-12,600031.SH,三一重工,23.706505696346813,24.18431123751349,23.522734334359626,23.58705431105514,1379851,3572360766.0
2021-07-13,600031.SH,三一重工,23.568677174856422,24.147556965116056,23.35734010857116,24.05567128412246,1337637,3467337128.0
2021-07-14,600031.SH,三一重工,23.92703133073143,23.936219898830792,23.201134450882055,23.283831563776285,1330578,3392029560.0
2021-07-15,600031.SH,三一重工,23.283831563776285,23.577865742955783,22.824403158808323,23.485980061962188,1372563,3473559350.0
2021-07-16,600031.SH,三一重工,23.201134450882055,23.24707729137885,22.91628883980192,23.00817452079551,1202296,3014032489.0
2021-07-19,600031.SH,三一重工,22.78764888641089,23.38490581286924,22.06175200656151,23.283831563776285,2254369,5559641759.0
2021-07-20,600031.SH,三一重工,22.953043112199353,24.18431123751349,22.723328909715374,23.917842762632073,2246203,5757872219.0
2021-07-21,600031.SH,三一重工,24.009728443625665,24.33132832710324,23.632997151551937,23.715694264446167,1661989,4334186016.0
2021-07-22,600031.SH,三一重工,23.706505696346813,25.636104997212247,23.62380858345258,25.406390794728267,3456840,9477013962.0
2021-07-23,600031.SH,三一重工,25.470710771423782,26.270116196068034,25.112356615548773,25.14911088794621,2504615,6981093469.0
2021-07-26,600031.SH,三一重工,24.946962389760305,25.066413775051977,24.19349980561285,24.34970546330196,1753586,4683601388.0
2021-07-27,600031.SH,三一重工,24.606985370084015,24.772379595872483,23.017363088894868,23.063305929391667,1807432,4666158128.0
2021-07-28,600031.SH,三一重工,22.907100271702557,23.320585836173723,22.53036897962883,22.91628883980192,1140379,2842061568.0
2021-07-29,600031.SH,三一重工,23.293020131875647,23.72488283254553,22.980608816497433,23.504357198160907,1222298,3106407911.0
2021-07-30,600031.SH,三一重工,23.191945882782694,23.201134450882055,22.603877524423705,22.806026022609608,1201516,2983685010.0
2021-08-02,600031.SH,三一重工,22.824403158808323,25.084790911250696,22.466049002933314,25.084790911250696,2327437,6165485803.0
2021-08-03,600031.SH,三一重工,25.727990678205842,27.31761295939499,25.36963652233083,26.426321853757145,5106277,14595273738.0
2021-08-04,600031.SH,三一重工,26.81224171393023,28.420241131318097,26.79386457773151,27.795418500561667,4315913,12994076158.0
2021-08-05,600031.SH,三一重工,27.91486988585334,28.300789746026425,27.106275893109725,27.63921284287256,2666830,8031280697.0
2021-08-06,600031.SH,三一重工,27.565704298077687,28.181338360734756,27.225727278401394,27.51976145758089,2165325,6507891124.0
2021-08-09,600031.SH,三一重工,27.473818617084092,29.403417917949533,27.16140730170588,28.888858104385417,3598695,11188371498.0
2021-08-10,600031.SH,三一重工,28.760218150994387,29.210457987862988,27.979189862548854,29.035875193975166,2601925,8096391295.0
2021-08-11,600031.SH,三一重工,29.568812143738,30.386594704580972,28.48456110801361,28.576446789007203,2442119,7730370615.0
2021-08-12,600031.SH,三一重工,28.668332470000795,28.934800944882213,27.666778547170637,27.98837843064821,2110759,6461487420.0
2021-08-13,600031.SH,三一重工,27.98837843064821,28.622389629503996,27.804607068661028,28.3283554503245,1589002,4877517763.0
2021-08-16,600031.SH,三一重工,28.374298290821297,28.392675427020016,26.876561690625746,26.95007023542062,2424888,7203883383.0
2021-08-17,600031.SH,三一重工,26.92250453112254,27.4278757765873,26.178230515074443,26.50901896665138,2023962,5883967632.0
2021-08-18,600031.SH,三一重工,26.518207534750733,26.94088166732126,26.040401993584055,26.78467600963215,1656175,4778687022.0
2021-08-19,600031.SH,三一重工,26.371190445160988,26.426321853757145,25.608539292914173,25.966893448789182,1918406,5415831043.0
2021-08-20,600031.SH,三一重工,25.599350724814812,26.279304764167396,25.452333635225063,25.764744950603276,1430835,4006412390.0
2021-08-23,600031.SH,三一重工,25.773933518702638,26.55496180714817,25.57178502051673,26.536584670949452,1826688,5166215727.0
2021-08-24,600031.SH,三一重工,26.527396102850094,26.527396102850094,25.682047837709046,25.773933518702638,2143199,6049711553.0
2021-08-25,600031.SH,三一重工,25.54421931621866,25.54421931621866,24.625362506282734,24.643739642481453,2859889,7728079158.0
2021-08-26,600031.SH,三一重工,24.496722552891704,24.9929052302571,24.423214008096828,24.845888140667356,1733393,4668541564.0
2021-08-27,600031.SH,三一重工,24.505911120991065,25.360447954231475,24.16593410131477,25.084790911250696,1827000,4953105000.0
2021-08-30,600031.SH,三一重工,24.34970546330196,24.496722552891704,23.440037221465396,23.660562855850014,3243518,8407658350.0
2021-08-31,600031.SH,三一重工,23.734071400644886,24.31295119090452,23.734071400644886,24.101614124619257,1928700,5050525351.0
2021-09-01,600031.SH,三一重工,24.119991260817976,26.50901896665138,23.568677174856422,26.50901896665138,4445395,12405099802.0
2021-09-02,600031.SH,三一重工,26.738733169135358,26.839807418228308,25.67285926960969,26.20579621937252,3263300,9314909781.0
2021-09-03,600031.SH,三一重工,25.773933518702638,26.187419083173804,25.406390794728267,25.84744206349751,1965786,5508902915.0
2021-09-06,600031.SH,三一重工,26.040401993584055,27.501384321382172,25.819876359199434,26.876561690625746,2953188,8585831033.0
2021-09-07,600031.SH,三一重工,26.78467600963215,26.821430282029592,26.38037901326035,26.757110305334077,1832883,5308890199.0
2021-09-08,600031.SH,三一重工,26.646847488141763,26.646847488141763,25.966893448789182,26.022024857385336,1860417,5300982086.0
2021-09-09,600031.SH,三一重工,25.810687791100076,26.619281783843686,25.727990678205842,25.99445915308726,1429617,4071160445.0
2021-09-10,600031.SH,三一重工,26.00364772118662,26.417133285657783,25.553407884318016,26.012836289285975,1463076,4128626507.0
2021-09-13,600031.SH,三一重工,25.97608201688854,25.97608201688854,25.12154518364813,25.2869394094366,1648828,4548771345.0
2021-09-14,600031.SH,三一重工,25.222619432741084,25.645293565311608,24.717248187276326,24.81832243636928,1329839,3632224913.0
2021-09-15,600031.SH,三一重工,24.67130534677953,24.680493914878888,24.16593410131477,24.423214008096828,1502058,3974451302.0
2021-09-16,600031.SH,三一重工,24.17512266941413,24.680493914878888,24.16593410131477,24.606985370084015,1381320,3674409185.0
2021-09-17,600031.SH,三一重工,24.515099689090423,24.515099689090423,24.009728443625665,24.285385486606444,974255,2568064832.0
2021-09-22,600031.SH,三一重工,23.881088490234635,24.0924255565199,23.45841435766411,23.75244853684361,1280598,3304257195.0
2021-09-23,600031.SH,三一重工,23.82595708163848,24.63455107438209,23.82595708163848,24.20268837371221,1179724,3105105730.0
2021-09-24,600031.SH,三一重工,24.0924255565199,24.0924255565199,23.706505696346813,23.780014241141682,1013201,2628098257.0
2021-09-27,600031.SH,三一重工,23.706505696346813,23.706505696346813,22.925477407901276,23.13681447418654,1680431,4237615233.0
2021-09-28,600031.SH,三一重工,23.017363088894868,23.568677174856422,22.980608816497433,23.302208699975004,921453,2340565929.0
2021-09-29,600031.SH,三一重工,23.00817452079551,23.614620015353218,22.971420248398072,23.13681447418654,1029996,2606575986.0
2021-09-30,600031.SH,三一重工,23.33896297237244,23.660562855850014,23.210323018981413,23.37571724476988,904088,2306382471.0
2021-10-08,600031.SH,三一重工,23.504357198160907,24.156745533215414,23.37571724476988,24.037294147923742,1202751,3119063882.0
2021-10-11,600031.SH,三一重工,24.05567128412246,24.239442646109644,23.780014241141682,23.82595708163848,850601,2217224173.0
2021-10-12,600031.SH,三一重工,23.715694264446167,23.7983913773404,23.10924876988846,23.329774404273085,984220,2496417323.0
2021-10-13,600031.SH,三一重工,23.210323018981413,23.504357198160907,23.201134450882055,23.36652867667052,611173,1552272743.0
2021-10-14,600031.SH,三一重工,23.37571724476988,23.669751423949375,23.320585836173723,23.541111470558345,674322,1723162960.0
2021-10-15,600031.SH,三一重工,23.568677174856422,23.60543144725386,23.155191610385256,23.21951158708077,719281,1819556129.0
2021-10-18,600031.SH,三一重工,23.22870015518013,23.24707729137885,22.567123252026267,22.806026022609608,1108911,2745949123.0
2021-10-19,600031.SH,三一重工,22.695763205417297,23.302208699975004,22.613066092523063,22.980608816497433,1052836,2628663367.0
2021-10-20,600031.SH,三一重工,22.971420248398072,23.191945882782694,22.695763205417297,22.78764888641089,899871,2231946312.0
2021-10-21,600031.SH,三一重工,22.741706045914093,22.833591726907684,22.475237571032675,22.567123252026267,1042760,2565901022.0
2021-10-22,600031.SH,三一重工,22.438483298635237,23.430848653366034,22.438483298635237,23.11843733798782,1446452,3614038742.0
2021-10-25,600031.SH,三一重工,22.953043112199353,22.953043112199353,22.567123252026267,22.851968863106404,878759,2174344843.0
2021-10-26,600031.SH,三一重工,22.78764888641089,23.054117361292306,22.53955754772819,22.65900893301986,900806,2227915397.0
2021-10-27,600031.SH,三一重工,22.66819750111922,22.73251747781473,22.107694847058305,22.18120339185318,1135294,2752557980.0
2021-10-28,600031.SH,三一重工,22.06175200656151,22.080129142760228,20.99587810703584,21.005066675135197,1867442,4314162220.0
2021-10-29,600031.SH,三一重工,20.61914681496211,21.547192192997393,20.61914681496211,21.096952356128792,1328348,3056550746.0
2021-11-01,600031.SH,三一重工,21.023443811333916,21.409363671507005,20.665089655458903,21.18883803712238,977550,2240162552.0
2021-11-02,600031.SH,三一重工,21.19802660522174,21.280723718115976,20.416998316776205,20.591581110664034,1275013,2886633166.0
2021-11-03,600031.SH,三一重工,20.591581110664034,20.747786768353137,20.187284114292225,20.720221064055064,1185375,2633578179.0
2021-11-04,600031.SH,三一重工,20.60995824686275,20.922369562240963,20.444564021074285,20.775352472651218,928102,2088339587.0
2021-11-05,600031.SH,三一重工,20.7569753364525,21.31747799051341,20.564015406365954,21.133706628526227,1567988,3600672559.0
2021-11-08,600031.SH,三一重工,21.142895196625588,21.372609399109567,20.88561528984353,20.913180994141605,824564,1886050450.0
2021-11-09,600031.SH,三一重工,20.76616390455186,20.839672449346732,20.315924067683255,20.38943261247813,1305078,2905807656.0
2021-11-10,600031.SH,三一重工,20.25160409098774,20.306735499583898,19.7646099817217,20.012701320404403,1438255,3123112780.0
2021-11-11,600031.SH,三一重工,19.97594704800696,20.729409632154418,19.856495662715293,20.729409632154418,1687343,3763797547.0
2021-11-12,600031.SH,三一重工,20.564015406365954,20.573203974465315,20.196472682391587,20.371055476279412,995901,2207218386.0
2021-11-15,600031.SH,三一重工,20.462941157273004,20.62833538306147,20.315924067683255,20.38943261247813,771862,1716605477.0
2021-11-16,600031.SH,三一重工,20.49050686157108,20.61914681496211,20.214849818590302,20.224038386689664,758667,1680606262.0
2021-11-17,600031.SH,三一重工,20.178095546192868,20.36186690818005,19.939192775609527,20.279169795285817,840581,1843247318.0
2021-11-18,600031.SH,三一重工,20.214849818590302,20.214849818590302,19.939192775609527,19.957569911808246,808603,1763948345.0
2021-11-19,600031.SH,三一重工,19.90243850321209,20.214849818590302,19.67272430072811,20.12296413759671,1257622,2728493894.0
2021-11-22,600031.SH,三一重工,20.12296413759671,20.49050686157108,20.058644160901196,20.2607926590871,969523,2139406502.0
2021-11-23,600031.SH,三一重工,20.214849818590302,21.21640374142046,20.141341273795433,21.051009515631993,2233422,5046101886.0
2021-11-24,600031.SH,三一重工,21.133706628526227,21.133706628526227,20.62833538306147,20.729409632154418,1209785,2735780864.0
2021-11-25,600031.SH,三一重工,20.720221064055064,21.032632379433277,20.407809748676847,20.88561528984353,1141548,2579687327.0
2021-11-26,600031.SH,三一重工,20.7569753364525,21.078575219930073,20.61914681496211,20.665089655458903,905427,2050518482.0
2021-11-29,600031.SH,三一重工,20.224038386689664,20.371055476279412,20.12296413759671,20.279169795285817,834448,1840121843.0
2021-11-30,600031.SH,三一重工,20.279169795285817,20.416998316776205,20.10458700139799,20.12296413759671,742530,1634378364.0
2021-12-01,600031.SH,三一重工,20.113775569497353,20.288358363385175,20.040267024702477,20.2607926590871,583552,1281739544.0
2021-12-02,600031.SH,三一重工,20.10458700139799,20.7569753364525,19.985135616106323,20.545638270167235,1379479,3065951327.0
2021-12-03,600031.SH,三一重工,20.52726113396852,20.720221064055064,20.26998122718646,20.62833538306147,997159,2222040372.0
2021-12-06,600031.SH,三一重工,20.720221064055064,21.179649469023023,20.61914681496211,20.84886101744609,1504016,3434142700.0
2021-12-07,600031.SH,三一重工,21.225592309519822,22.466049002933314,21.051009515631993,22.28227764094613,3947906,9439071055.0
2021-12-08,600031.SH,三一重工,22.06175200656151,22.070940574660867,21.55638076109675,21.82284923597817,2632694,6222973877.0
2021-12-09,600031.SH,三一重工,21.648266442090343,22.190391959952535,21.60232360159355,21.877980644574322,1836729,4382939534.0
2021-12-10,600031.SH,三一重工,21.68502071448778,21.813660667878807,21.262346581917257,21.289912286215337,1636866,3819642738.0
2021-12-13,600031.SH,三一重工,21.740152123083934,22.714140341616012,21.730963554984577,22.162826255654462,3438033,8347893891.0
2021-12-14,600031.SH,三一重工,21.914734916971764,22.04337487036279,21.7033978506865,21.776906395481372,1490330,3540287663.0
2021-12-15,600031.SH,三一重工,21.758529259282653,21.988243461766636,21.68502071448778,21.69420928258714,902657,2142029665.0
2021-12-16,600031.SH,三一重工,21.675832146388423,21.960677757468556,21.482872216301878,21.951489189369198,1051962,2493995402.0
2021-12-17,600031.SH,三一重工,22.05256343846215,22.30984334524421,21.629889305891624,21.629889305891624,1161498,2774458177.0
2021-12-20,600031.SH,三一重工,21.59313503349419,21.59313503349419,21.234780877619176,21.271535150016614,934363,2167596801.0
2021-12-21,600031.SH,三一重工,21.243969445718538,21.620700737792266,21.225592309519822,21.528815056798674,695688,1626897122.0
2021-12-22,600031.SH,三一重工,21.639077873990985,21.639077873990985,21.253158013817895,21.32666655861277,654164,1519868720.0
2021-12-23,600031.SH,三一重工,21.34504369481149,21.611512169692908,20.986689538936478,21.611512169692908,1014700,2354507361.0
2021-12-24,600031.SH,三一重工,21.501249352500594,21.841226372176887,21.390986535308286,21.46449508010316,803015,1887090130.0
2021-12-27,600031.SH,三一重工,21.46449508010316,21.813660667878807,21.308289422414052,21.60232360159355,651199,1531565734.0
2021-12-28,600031.SH,三一重工,21.66664357828906,22.05256343846215,21.66664357828906,21.82284923597817,887067,2111210666.0
2021-12-29,600031.SH,三一重工,21.841226372176887,21.92392348507112,21.43692937580508,21.4553065120038,678216,1593028051.0
2021-12-30,600031.SH,三一重工,21.33585512671213,21.409363671507005,21.225592309519822,21.262346581917257,743898,1724203710.0
2021-12-31,600031.SH,三一重工,21.29910085431469,21.381797967208925,20.876426721744167,20.949935266539043,977087,2243585676.0
2022-01-04,600031.SH,三一重工,20.940746698439682,21.032632379433277,20.692655359756984,20.949935266539043,770091,1746315241.0
2022-01-05,600031.SH,三一重工,20.9591238346384,21.400175103407644,20.821295313148013,21.2072151733211,1275574,2938928124.0
2022-01-06,600031.SH,三一重工,21.051009515631993,22.144449119455743,21.005066675135197,21.914734916971764,2285160,5431798560.0
2022-01-07,600031.SH,三一重工,21.841226372176887,23.072494497491025,21.82284923597817,22.796837454510246,3204666,7939405146.0
2022-01-10,600031.SH,三一重工,23.155191610385256,23.25626585947821,22.42929473053588,22.842780295007042,1600713,3971702236.0
2022-01-11,600031.SH,三一重工,22.925477407901276,23.10924876988846,22.438483298635237,22.53036897962883,1407033,3482311704.0
2022-01-12,600031.SH,三一重工,22.53036897962883,22.64063179682114,22.070940574660867,22.502803275330752,1082694,2630163625.0
2022-01-13,600031.SH,三一重工,22.438483298635237,22.613066092523063,21.93311205317048,21.97905489366728,1053381,2539661200.0
2022-01-14,600031.SH,三一重工,21.942300621269837,21.942300621269837,21.43692937580508,21.482872216301878,950403,2239823074.0
2022-01-17,600031.SH,三一重工,21.418552239606363,21.59313503349419,21.21640374142046,21.519626488699316,762110,1776111387.0
2022-01-18,600031.SH,三一重工,21.372609399109567,21.868792076474964,21.2072151733211,21.629889305891624,1182798,2772653184.0
2022-01-19,600031.SH,三一重工,21.841226372176887,22.51199184343011,21.758529259282653,22.374163321939726,1967515,4778344562.0
2022-01-20,600031.SH,三一重工,22.374163321939726,22.603877524423705,21.80447209977945,22.28227764094613,1275798,3082871575.0
2022-01-21,600031.SH,三一重工,22.098506278958947,22.116883415157666,21.225592309519822,21.29910085431469,1595809,3725834181.0
2022-01-24,600031.SH,三一重工,21.08776378802943,21.29910085431469,20.701843927856345,20.903992426042247,1016891,2315292656.0
2022-01-25,600031.SH,三一重工,20.76616390455186,20.99587810703584,19.97594704800696,20.040267024702477,1355528,2996578254.0
2022-01-26,600031.SH,三一重工,20.040267024702477,20.343489771981332,19.727855709324263,20.187284114292225,836207,1826341315.0
2022-01-27,600031.SH,三一重工,20.03107845660312,20.095398433298634,18.99277026137553,19.047901669971683,1551518,3276370416.0
2022-01-28,600031.SH,三一重工,19.103033078567837,19.22248446385951,18.395513334917176,18.505776152109487,1239028,2521737954.0
2022-02-07,600031.SH,三一重工,18.873318876083857,19.148975919064632,18.71711321839475,19.05709023807104,807591,1666331258.0
2022-02-08,600031.SH,三一重工,19.213295895760147,19.64515859643003,19.07546737426976,19.52570721113836,960920,2023941007.0
2022-02-09,600031.SH,三一重工,19.52570721113836,19.52570721113836,19.176541623362713,19.470575802542207,761526,1605621652.0
2022-02-10,600031.SH,三一重工,19.488952938740926,19.608404324032595,19.29599300865438,19.488952938740926,613222,1296807021.0
2022-02-11,600031.SH,三一重工,19.479764370641565,19.534895779237722,19.03871310187232,19.130598782865913,797665,1676965866.0
2022-02-14,600031.SH,三一重工,18.983581693276168,19.16735305526335,18.60685040120244,18.799810331288985,739344,1517774872.0
2022-02-15,600031.SH,三一重工,18.744678922692827,19.09384451046848,18.69873608219603,19.0662788061704,576762,1190802513.0
2022-02-16,600031.SH,三一重工,19.22248446385951,19.29599300865438,19.001958829474887,19.130598782865913,502590,1047139286.0
2022-02-17,600031.SH,三一重工,19.148975919064632,19.19491875956143,18.928450284680014,19.0662788061704,495151,1024835584.0
2022-02-18,600031.SH,三一重工,18.882507444183215,19.204107327660786,18.827376035587058,19.19491875956143,589974,1220990090.0
2022-02-21,600031.SH,三一重工,19.158164487163994,19.16735305526335,18.956015988978088,19.09384451046848,554917,1149466953.0
2022-02-22,600031.SH,三一重工,18.910073148481292,18.928450284680014,18.661981809798593,18.72630178649411,724747,1478314804.0
2022-02-23,600031.SH,三一重工,18.72630178649411,19.084655942369118,18.72630178649411,19.0662788061704,759202,1562969807.0
2022-02-24,600031.SH,三一重工,19.011147397574245,19.011147397574245,18.45064474351333,18.551718992606286,941206,1912899073.0
2022-02-25,600031.SH,三一重工,18.661981809798593,18.8181874674877,18.43226760731461,18.533341856407567,828823,1677422619.0
2022-02-28,600031.SH,三一重工,18.514964720208845,18.514964720208845,17.936084929949214,18.018782042843448,1484793,2916792912.0
2022-03-01,600031.SH,三一重工,18.00959347474409,18.15661056433384,17.963650634247294,18.138233428135116,836302,1644869337.0
2022-03-02,600031.SH,三一重工,18.00959347474409,18.018782042843448,17.825822112756903,17.9177077937505,753204,1466279694.0
2022-03-03,600031.SH,三一重工,17.954462066147933,18.00959347474409,17.816633544657545,17.853387817054983,716941,1395424358.0
2022-03-04,600031.SH,三一重工,17.73393643176331,17.73393643176331,17.348016571590225,17.39395941208702,1190481,2257560921.0
2022-03-07,600031.SH,三一重工,17.200999482000476,17.200999482000476,16.594553987442765,16.68643966843636,1375917,2506053936.0
2022-03-08,600031.SH,三一重工,16.631308259840207,16.80589105372803,15.914599948090185,16.2270112634684,1358397,2417624307.0
2022-03-09,600031.SH,三一重工,16.263765535865836,16.346462648760067,15.02330884245234,15.694074313705562,1557047,2666748151.0
2022-03-10,600031.SH,三一重工,16.061617037679934,16.07080560577929,15.776771426599797,15.831902835195953,1054388,1825291952.0
2022-03-11,600031.SH,三一重工,15.519491519817738,16.4291597616543,15.317343021631837,16.419971193554943,1422212,2493980573.0
2022-03-14,600031.SH,三一重工,16.135125582474807,16.55779971504533,16.00648562908378,16.00648562908378,830122,1465320054.0
2022-03-15,600031.SH,三一重工,15.905411379990824,16.00648562908378,15.161137363942728,15.161137363942728,1065802,1810959421.0
2022-03-16,600031.SH,三一重工,15.574622928413893,15.868657107593387,14.88548032096195,15.776771426599797,1253954,2108184331.0
2022-03-17,600031.SH,三一重工,16.043239901481215,16.640496827939565,15.914599948090185,16.282142672064552,1613011,2851087337.0
2022-03-18,600031.SH,三一重工,16.171879854872245,16.603742555542127,16.00648562908378,16.493479738349816,1259282,2238830957.0
2022-03-21,600031.SH,三一重工,16.53942257884661,16.603742555542127,16.171879854872245,16.32808551256135,778629,1386761003.0
2022-03-22,600031.SH,三一重工,16.19944555917032,16.419971193554943,16.09837131007737,16.282142672064552,523797,927318803.0
2022-03-23,600031.SH,三一重工,16.2270112634684,16.392405489256866,16.171879854872245,16.19944555917032,538271,952620394.0
2022-03-24,600031.SH,三一重工,16.07080560577929,16.12593701437545,15.859468539494031,16.043239901481215,584010,1016804503.0
2022-03-25,600031.SH,三一重工,16.043239901481215,16.135125582474807,15.703262881804923,15.712451449904282,590868,1020272436.0
2022-03-28,600031.SH,三一重工,15.620565768910689,15.896222811891468,15.37247443022799,15.841091403295309,594563,1012386579.0
2022-03-29,600031.SH,三一重工,15.831902835195953,15.85027997139467,15.335720157830554,15.36328586212863,663231,1122105368.0
2022-03-30,600031.SH,三一重工,15.510302951718378,16.217822695369037,15.445982975022863,16.19944555917032,1310995,2275268834.0
2022-03-31,600031.SH,三一重工,16.07999417387865,16.355651216859428,16.034051333381854,16.09837131007737,845969,1488494665.0
2022-04-01,600031.SH,三一重工,15.969731356686339,16.263765535865836,15.914599948090185,16.12593701437545,683773,1198861913.0
2022-04-06,600031.SH,三一重工,15.988108492885058,16.566988283144692,15.859468539494031,16.4291597616543,1330260,2351823290.0
2022-04-07,600031.SH,三一重工,16.263765535865836,16.65887396413828,16.190256991070964,16.2270112634684,1286202,2303299933.0
2022-04-08,600031.SH,三一重工,16.355651216859428,17.853387817054983,16.355651216859428,17.706370727465234,3231222,6077491461.0
2022-04-11,600031.SH,三一重工,17.64205075076972,17.64205075076972,17.008039551913935,17.109113801006885,1946832,3665803465.0
2022-04-12,600031.SH,三一重工,16.989662415715213,17.39395941208702,16.879399598522905,17.256130890596634,1272038,2372954906.0
2022-04-13,600031.SH,三一重工,16.998850983814574,16.998850983814574,16.631308259840207,16.68643966843636,1109104,2023800495.0
2022-04-14,600031.SH,三一重工,16.769136781330594,17.36639370778894,16.741571077032514,17.228565186298553,1189239,2212302765.0
2022-04-15,600031.SH,三一重工,16.998850983814574,17.16424520960304,16.870211030423544,16.93453100711906,727624,1346797560.0
2022-04-18,600031.SH,三一重工,16.778325349429952,16.80589105372803,16.493479738349816,16.548611146945973,706916,1275689722.0
2022-04-19,600031.SH,三一重工,16.53023401074725,16.759948213231233,16.08918274197801,16.245388399667117,878827,1564214757.0
2022-04-20,600031.SH,三一重工,16.309708376362632,16.41078262545558,15.914599948090185,15.969731356686339,656637,1155904178.0
2022-04-21,600031.SH,三一重工,15.905411379990824,15.960542788586983,15.308154453532476,15.36328586212863,999496,1693361944.0
2022-04-22,600031.SH,三一重工,15.27140018113504,15.61137720081133,14.995743138154262,15.473548679320942,672453,1123402605.0
2022-04-25,600031.SH,三一重工,14.701708958974766,14.903857457160669,14.05850919201962,14.07688632821834,1354571,2134125891.0
2022-04-26,600031.SH,三一重工,14.086074896317697,14.20552628160937,13.396932288865756,13.424497993163833,1147581,1715983245.0
2022-04-27,600031.SH,三一重工,13.507195106058067,14.42605191599399,13.507195106058067,14.352543371199115,1507079,2318976826.0
2022-04-28,600031.SH,三一重工,14.352543371199115,14.563880437484377,14.104452032516416,14.499560460788862,993750,1554462964.0
2022-04-29,600031.SH,三一重工,14.269846258304883,15.436794406923505,14.06769776011898,15.161137363942728,1483536,2401381890.0
2022-05-05,600031.SH,三一重工,15.161137363942728,15.565434360314535,15.069251682949135,15.253023044936322,909265,1518893691.0
2022-05-06,600031.SH,三一重工,14.931423161458747,15.26221161303568,14.747651799471564,14.894668889061311,676837,1104295457.0
2022-05-09,600031.SH,三一重工,14.903857457160669,15.032497410551699,14.573069005583736,14.64657755037861,628010,1009167399.0
2022-05-10,600031.SH,三一重工,14.389297643596553,15.02330884245234,14.214714849708727,14.88548032096195,740531,1180196619.0
2022-05-11,600031.SH,三一重工,14.811971776167079,15.188703068240807,14.811971776167079,14.88548032096195,873012,1423861280.0
2022-05-12,600031.SH,三一重工,14.720086095173485,14.940611729558109,14.453617620292068,14.619011846080534,810271,1294993658.0
2022-05-13,600031.SH,三一重工,14.784406071869,15.161137363942728,14.637388982279251,14.701708958974766,1211160,1961921748.0
2022-05-16,600031.SH,三一重工,15.124383091545292,15.436794406923505,14.867103184763232,14.922234593359386,1485487,2443828082.0
2022-05-17,600031.SH,三一重工,14.88548032096195,15.060063114849777,14.67414325467669,15.00493170625362,856112,1386054319.0
2022-05-18,600031.SH,三一重工,15.032497410551699,15.060063114849777,14.79359463996836,14.79359463996836,724652,1172362689.0
2022-05-19,600031.SH,三一重工,14.517937596987583,14.628200414179892,14.324977666901038,14.619011846080534,892186,1402897194.0
2022-05-20,600031.SH,三一重工,14.66495468657733,15.344908725929912,14.64657755037861,15.24383447683696,1648919,2714021643.0
2022-05-23,600031.SH,三一重工,15.36328586212863,15.37247443022799,14.986554570054901,15.069251682949135,869327,1430016417.0
2022-05-24,600031.SH,三一重工,15.078440251048495,15.2346459087376,14.67414325467669,14.67414325467669,841399,1369136667.0
2022-05-25,600031.SH,三一重工,14.609823277981175,14.958988865756826,14.527126165086942,14.940611729558109,701537,1127819000.0
2022-05-26,600031.SH,三一重工,15.041685978651058,15.896222811891468,15.02330884245234,15.703262881804923,2024953,3426844559.0
2022-05-27,600031.SH,三一重工,15.822714267096591,15.85027997139467,15.491925815519659,15.602188632711972,1146041,1950656586.0
2022-05-30,600031.SH,三一重工,15.712451449904282,15.776771426599797,15.308154453532476,15.427605838824144,868690,1460470993.0
2022-05-31,600031.SH,三一重工,15.436794406923505,15.574622928413893,15.26221161303568,15.574622928413893,1049631,1761777404.0
2022-06-01,600031.SH,三一重工,15.491925815519659,15.666508609407487,15.308154453532476,15.436794406923505,873361,1468898726.0
2022-06-02,600031.SH,三一重工,15.50111438361902,15.675697177506844,15.436794406923505,15.574622928413893,709835,1200502639.0
2022-06-06,600031.SH,三一重工,15.574622928413893,16.015674197183134,15.436794406923505,15.969731356686339,1158658,1997707091.0
2022-06-07,600031.SH,三一重工,15.960542788586983,16.355651216859428,15.914599948090185,16.08918274197801,1222140,2155085009.0
2022-06-08,600031.SH,三一重工,16.07999417387865,16.217822695369037,15.767582858500438,15.942165652388264,789635,1373305691.0
2022-06-09,600031.SH,三一重工,15.960542788586983,16.32808551256135,15.804337130897874,15.997297060984417,898972,1571756645.0
2022-06-10,600031.SH,三一重工,15.9407025566898,15.9407025566898,15.51624597973652,15.855811241299143,1090578,1820249260.0
2022-06-13,600031.SH,三一重工,15.648299137010875,16.789615710596358,15.572840189996962,16.582103606308088,1931600,3377564995.0
2022-06-14,600031.SH,三一重工,16.459482817410475,17.270666497810073,16.33686202851286,17.204639919172894,1508095,2679510049.0
2022-06-15,600031.SH,三一重工,17.270666497810073,17.874338073921404,17.232937024303116,17.261234129433337,2252962,4203826509.0
2022-06-16,600031.SH,三一重工,17.261234129433337,17.581934654242477,16.789615710596358,16.902804131117236,1233670,2239269095.0
2022-06-17,600031.SH,三一重工,16.704724395205705,17.166910445665938,16.525509396047653,16.968830709754407,1091038,1947207032.0
2022-06-20,600031.SH,三一重工,16.98769544650789,17.647961232879656,16.76131860546614,17.52534044398204,1285642,2347533491.0
2022-06-21,600031.SH,三一重工,17.449881496968125,17.685690706386612,17.185775182419416,17.52534044398204,1068434,1974959843.0
2022-06-22,600031.SH,三一重工,17.581934654242477,17.619664127749438,16.97826307813115,16.98769544650789,784997,1432910929.0
2022-06-23,600031.SH,三一重工,16.98769544650789,17.24236939267986,16.93110123624745,17.223504655926376,630356,1143228697.0
2022-06-24,600031.SH,三一重工,17.214072287549637,17.232937024303116,16.827345184103315,17.082019130275285,1040727,1873009242.0
2022-06-27,600031.SH,三一重工,17.015992551638107,17.657393601256395,16.997127814884628,17.515908075605303,1291019,2394964069.0
2022-06-28,600031.SH,三一重工,17.52534044398204,17.657393601256395,17.383854918330947,17.57250228586574,657876,1220662414.0
2022-06-29,600031.SH,三一重工,17.50647570722856,17.97809412606554,17.34612544482399,17.35555781320073,1022353,1915227405.0
2022-06-30,600031.SH,三一重工,17.317828339693772,18.100714914963152,17.280098866186815,17.97809412606554,1410606,2672997525.0
2022-07-01,600031.SH,三一重工,18.204470967107287,19.223166751795155,18.204470967107287,18.713818859451223,2157111,4300565132.0
2022-07-04,600031.SH,三一重工,19.025087015883628,19.025087015883628,18.57233333380013,18.70438649107448,1094727,2179073579.0
2022-07-05,600031.SH,三一重工,18.713818859451223,18.713818859451223,18.0158235995725,18.298794650874683,1216378,2355856792.0
2022-07-06,600031.SH,三一重工,18.213903335484027,18.213903335484027,17.449881496968125,17.619664127749438,1282730,2409939326.0
2022-07-07,600031.SH,三一重工,17.647961232879656,18.025255967949235,17.449881496968125,17.846040968791186,751131,1417524927.0
2022-07-08,600031.SH,三一重工,17.836608600414447,18.3742535978886,17.836608600414447,17.930932284181843,732291,1406605131.0
2022-07-11,600031.SH,三一重工,17.930932284181843,18.204470967107287,17.591367022619217,17.78001439015401,628798,1191460682.0
2022-07-12,600031.SH,三一重工,17.657393601256395,18.138444388470113,17.647961232879656,17.789446758530747,573693,1088237595.0
2022-07-13,600031.SH,三一重工,17.9686617576888,18.53460386029317,17.732852548270312,18.223335703860766,1053031,2034033170.0
2022-07-14,600031.SH,三一重工,18.006391231195757,18.100714914963152,17.742284916647048,17.855473337167926,790311,1499962604.0
2022-07-15,600031.SH,三一重工,17.52534044398204,17.52534044398204,16.50664465929417,16.657562553322006,1861513,3337316531.0
2022-07-18,600031.SH,三一重工,16.73302150033592,17.72342017989357,16.666994921698745,17.685690706386612,1236003,2264774592.0
2022-07-19,600031.SH,三一重工,17.808311495284226,17.864905705544665,17.223504655926376,17.34612544482399,718040,1324947877.0
2022-07-20,600031.SH,三一重工,17.36499018157747,17.440449128591386,17.100883867028763,17.17634281404268,514077,937415433.0
2022-07-21,600031.SH,三一重工,17.17634281404268,17.232937024303116,16.902804131117236,16.902804131117236,555148,1000626741.0
2022-07-22,600031.SH,三一重工,16.883939394363754,17.232937024303116,16.676427290075484,16.893371762740493,550021,986287545.0
2022-07-25,600031.SH,三一重工,16.97826307813115,17.157478077289202,16.71415676358244,16.817912815726576,494974,884319107.0
2022-07-26,600031.SH,三一重工,16.817912815726576,17.12918097215898,16.77075097384288,17.072586761898545,448008,806320034.0
2022-07-27,600031.SH,三一重工,17.063154393521806,17.063154393521806,16.73302150033592,16.817912815726576,436712,778355821.0
2022-07-28,600031.SH,三一重工,16.874507025987015,16.93110123624745,16.685859658452223,16.704724395205705,599127,1064950123.0
2022-07-29,600031.SH,三一重工,16.76131860546614,16.78018334221962,15.959567293443282,16.072755713964153,1319746,2264281982.0
2022-08-01,600031.SH,三一重工,16.035026240457196,16.119917555847852,15.733190452401532,16.082188082340895,596430,1009368212.0
2022-08-02,600031.SH,三一重工,15.9407025566898,15.9407025566898,15.195545454927379,15.478516506229564,941884,1547027926.0
2022-08-03,600031.SH,三一重工,15.544543084866742,15.818081767792187,15.15781598142042,15.20497782330412,681360,1115185401.0
2022-08-04,600031.SH,三一重工,15.327598612201731,15.544543084866742,15.214410191680857,15.384192822462168,474372,772020874.0
2022-08-05,600031.SH,三一重工,15.403057559215647,15.56340782162022,15.299301507071512,15.56340782162022,482725,789275019.0
2022-08-08,600031.SH,三一重工,15.51624597973652,15.733190452401532,15.478516506229564,15.657731505387616,400825,664389805.0
2022-08-09,600031.SH,三一重工,15.676596242141095,15.70489334727131,15.469084137852823,15.525678348113262,304263,500953937.0
2022-08-10,600031.SH,三一重工,15.478516506229564,15.525678348113262,15.15781598142042,15.233274928434335,623295,1009149251.0
2022-08-11,600031.SH,三一重工,15.252139665187817,15.836946504545665,15.252139665187817,15.799217031038708,860581,1424491313.0
2022-08-12,600031.SH,三一重工,15.75205518915501,15.931270188313063,15.686028610517832,15.846378872922406,519039,871978962.0
2022-08-15,600031.SH,三一重工,15.818081767792187,15.912405451559584,15.56340782162022,15.70489334727131,428291,714349669.0
2022-08-16,600031.SH,三一重工,15.70489334727131,15.818081767792187,15.601137295127177,15.657731505387616,335704,557537019.0
2022-08-17,600031.SH,三一重工,15.676596242141095,15.799217031038708,15.421922295969129,15.70489334727131,474369,784191249.0
2022-08-18,600031.SH,三一重工,15.676596242141095,15.676596242141095,15.431354664345866,15.450219401099345,416012,682988107.0
2022-08-19,600031.SH,三一重工,15.421922295969129,15.610569663503918,15.327598612201731,15.337030980578472,401416,656620050.0
2022-08-22,600031.SH,三一重工,15.261572033564555,15.440787032722607,15.233274928434335,15.36532808570869,378158,615334586.0
2022-08-23,600031.SH,三一重工,15.36532808570869,15.36532808570869,15.091789402783244,15.15781598142042,620105,995648589.0
2022-08-24,600031.SH,三一重工,15.15781598142042,15.214410191680857,14.525847300178873,14.58244151043931,1187476,1858011166.0
2022-08-25,600031.SH,三一重工,14.667332825829966,14.742791772843882,14.384361774527779,14.714494667713662,754719,1165884675.0
2022-08-26,600031.SH,三一重工,14.723927036090402,14.837115456611278,14.591873878816049,14.639035720699745,441728,687907585.0
2022-08-29,600031.SH,三一重工,14.403226511281257,14.742791772843882,14.346632301020822,14.676765194206705,435088,672709535.0
2022-08-30,600031.SH,三一重工,14.676765194206705,14.94087150875541,14.648468089076486,14.695629930960184,417095,652547956.0
2022-08-31,600031.SH,三一重工,14.573009142062569,14.95973624550889,14.478685458295175,14.855980193364756,631434,988606655.0
2022-09-01,600031.SH,三一重工,14.855980193364756,15.15781598142042,14.789953614727578,14.95030387713215,673591,1074310096.0
2022-09-02,600031.SH,三一重工,14.931439140378671,14.97860098226237,14.610738615569527,14.723927036090402,454176,708412518.0
2022-09-05,600031.SH,三一重工,14.667332825829966,14.695629930960184,14.393794142904518,14.573009142062569,450280,692020775.0
2022-09-06,600031.SH,三一重工,14.610738615569527,14.874844930118234,14.610738615569527,14.837115456611278,485887,762251262.0
2022-09-07,600031.SH,三一重工,14.780521246350839,14.855980193364756,14.648468089076486,14.714494667713662,336876,526636382.0
2022-09-08,600031.SH,三一重工,14.76165650959736,14.931439140378671,14.742791772843882,14.855980193364756,409789,645565582.0
2022-09-09,600031.SH,三一重工,14.855980193364756,15.384192822462168,14.7710888779741,15.337030980578472,1056494,1702155639.0
2022-09-13,600031.SH,三一重工,15.261572033564555,15.525678348113262,15.233274928434335,15.37476045408543,597398,975832556.0
2022-09-14,600031.SH,三一重工,15.15781598142042,15.327598612201731,15.101221771159985,15.233274928434335,442310,713359553.0
2022-09-15,600031.SH,三一重工,15.261572033564555,15.506813611359783,15.091789402783244,15.280436770318033,582445,944601046.0
2022-09-16,600031.SH,三一重工,15.252139665187817,15.271004401941296,14.714494667713662,14.714494667713662,644052,1014702641.0
2022-09-19,600031.SH,三一重工,14.676765194206705,14.676765194206705,14.007067039458198,14.120255459979072,872137,1320036138.0
2022-09-20,600031.SH,三一重工,14.16741730186277,14.224011512123207,14.054228881341896,14.110823091602333,475431,711855540.0
2022-09-21,600031.SH,三一重工,14.101390723225592,14.346632301020822,13.865581513807104,14.205146775369728,620203,931940791.0
2022-09-22,600031.SH,三一重工,14.091958354848853,14.15798493348603,13.808987303546669,13.856149145430365,574250,850265296.0
2022-09-23,600031.SH,三一重工,13.865581513807104,13.941040460821021,13.441124936853827,13.601475199258399,632601,916189619.0
2022-09-26,600031.SH,三一重工,13.57317809412818,13.601475199258399,13.186450990681859,13.252477569319037,757125,1073368867.0
2022-09-27,600031.SH,三一重工,13.252477569319037,13.56374572575144,13.214748095812077,13.5543133573747,518193,735408327.0
2022-09-28,600031.SH,三一重工,13.5543133573747,13.648637041142097,13.290207042825994,13.290207042825994,399408,569404094.0
2022-09-29,600031.SH,三一重工,13.403395463346868,13.450557305230566,12.931777044509893,13.063830201784246,616356,860089081.0
2022-09-30,600031.SH,三一重工,13.073262570160985,13.271342306072516,13.063830201784246,13.092127306914465,452527,632009953.0
2022-10-10,600031.SH,三一重工,13.092127306914465,13.299639411202733,12.884615202626195,12.912912307756413,407553,565111691.0
2022-10-11,600031.SH,三一重工,12.912912307756413,12.950641781263371,12.658238361584445,12.837453360742495,341081,462266451.0
2022-10-12,600031.SH,三一重工,12.931777044509893,13.724095988156012,12.78085915048206,13.676934146272314,836901,1176373476.0
2022-10-13,600031.SH,三一重工,13.610907567635138,13.705231251402532,13.431692568477088,13.629772304388617,483019,695765447.0
2022-10-14,600031.SH,三一重工,13.676934146272314,14.044796512965156,13.639204672765358,13.827852040300147,605013,890714695.0
2022-10-17,600031.SH,三一重工,13.75239309328623,14.176849670239509,13.667501777895575,14.148552565109291,627288,933982205.0
2022-10-18,600031.SH,三一重工,14.16741730186277,14.224011512123207,13.884446250560584,13.941040460821021,479996,712159910.0
2022-10-19,600031.SH,三一重工,13.941040460821021,14.044796512965156,13.733528356532752,13.79955493516993,398842,586297530.0
2022-10-20,600031.SH,三一重工,13.695798883025793,13.959905197574502,13.629772304388617,13.733528356532752,349701,510845363.0
2022-10-21,600031.SH,三一重工,13.818419671923408,14.054228881341896,13.648637041142097,13.667501777895575,458860,674800224.0
2022-10-24,600031.SH,三一重工,13.686366514649054,14.101390723225592,13.261909937695776,13.346801253086431,779585,1126763107.0
2022-10-25,600031.SH,三一重工,13.393963094970127,13.875013882183845,13.393963094970127,13.59204283088166,780904,1127852872.0
2022-10-26,600031.SH,三一重工,13.676934146272314,13.997634671081459,13.676934146272314,13.875013882183845,555923,815744942.0
2022-10-27,600031.SH,三一重工,13.959905197574502,14.101390723225592,13.818419671923408,13.97876993432798,557332,826988034.0
2022-10-28,600031.SH,三一重工,13.865581513807104,13.97876993432798,13.488286778737525,13.54488098899796,564593,820685792.0
2022-10-31,600031.SH,三一重工,13.195883359058598,13.195883359058598,12.545049941063573,12.733697308598362,1195599,1616939689.0
2022-11-01,600031.SH,三一重工,12.77142678210532,14.007067039458198,12.667670729961184,14.007067039458198,1542831,2201988573.0
2022-11-02,600031.SH,三一重工,14.035364144588417,14.601306247192788,13.922175724067541,14.299470459137124,1535249,2333811383.0
2022-11-03,600031.SH,三一重工,14.148552565109291,14.506982563425394,14.120255459979072,14.346632301020822,774584,1179578479.0
2022-11-04,600031.SH,三一重工,14.327767564267342,14.667332825829966,14.252308617253425,14.488117826671914,845752,1294906292.0
2022-11-07,600031.SH,三一重工,14.431523616411477,14.516414931802133,14.290038090760383,14.403226511281257,530235,808452060.0
2022-11-08,600031.SH,三一重工,14.393794142904518,14.516414931802133,14.054228881341896,14.186282038616248,607529,912557242.0
2022-11-09,600031.SH,三一重工,14.19571440699299,14.356064669397561,14.148552565109291,14.19571440699299,374293,564745471.0
2022-11-10,600031.SH,三一重工,14.16741730186277,14.176849670239509,13.96933756595124,14.110823091602333,399156,594941779.0
2022-11-11,600031.SH,三一重工,14.440955984788216,15.289869138694774,14.271173354006905,14.997465719015848,1724799,2708842312.0
2022-11-14,600031.SH,三一重工,15.37476045408543,15.51624597973652,14.884277298494974,14.95973624550889,1352011,2178634805.0
2022-11-15,600031.SH,三一重工,14.95973624550889,15.214410191680857,14.818250719857797,15.15781598142042,727732,1161210185.0
2022-11-16,600031.SH,三一重工,15.091789402783244,15.091789402783244,14.7710888779741,14.865412561741495,615170,972339696.0
2022-11-17,600031.SH,三一重工,14.723927036090402,14.865412561741495,14.648468089076486,14.818250719857797,430612,673218168.0
2022-11-18,600031.SH,三一重工,14.818250719857797,14.94087150875541,14.525847300178873,14.601306247192788,574943,894952823.0
2022-11-21,600031.SH,三一重工,14.506982563425394,14.516414931802133,14.318335195890603,14.506982563425394,415199,634967217.0
2022-11-22,600031.SH,三一重工,14.535279668555612,14.827683088234537,14.459820721541695,14.58244151043931,549685,852127927.0
2022-11-23,600031.SH,三一重工,14.450388353164955,14.893709666871713,14.450388353164955,14.591873878816049,608285,948081575.0
2022-11-24,600031.SH,三一重工,14.657900457453225,15.063492297653026,14.648468089076486,14.695629930960184,747439,1177651209.0
2022-11-25,600031.SH,三一重工,14.676765194206705,15.063492297653026,14.591873878816049,14.997465719015848,837104,1327720666.0
2022-11-28,600031.SH,三一重工,14.714494667713662,14.73335940446714,14.224011512123207,14.459820721541695,728037,1113429678.0
2022-11-29,600031.SH,三一重工,14.714494667713662,15.280436770318033,14.714494667713662,15.271004401941296,1553313,2491202962.0
2022-11-30,600031.SH,三一重工,15.289869138694774,15.289869138694774,14.884277298494974,15.006898087392589,742105,1183651182.0
2022-12-01,600031.SH,三一重工,15.37476045408543,15.431354664345866,14.97860098226237,15.016330455769328,738429,1185506923.0
2022-12-02,600031.SH,三一重工,14.912574403625193,14.95973624550889,14.7710888779741,14.808818351481056,607371,955681067.0
2022-12-05,600031.SH,三一重工,14.912574403625193,15.403057559215647,14.903142035248454,15.39362519083891,1185226,1911695569.0
2022-12-06,600031.SH,三一重工,15.242707296811076,15.487948874606305,15.18611308655064,15.31816624382499,669075,1086711641.0
2022-12-07,600031.SH,三一重工,15.280436770318033,15.280436770318033,15.016330455769328,15.1295188762902,583623,935533030.0
2022-12-08,600031.SH,三一重工,15.223842560057598,15.223842560057598,15.063492297653026,15.138951244666941,461200,740702755.0
2022-12-09,600031.SH,三一重工,15.214410191680857,16.072755713964153,15.167248349797157,15.950134925066541,1942469,3223603092.0
2022-12-12,600031.SH,三一重工,15.884108346429363,16.053890977210674,15.601137295127177,15.676596242141095,948258,1589994645.0
2022-12-13,600031.SH,三一重工,15.59170492675044,15.799217031038708,15.506813611359783,15.629434400257397,583521,966723599.0
2022-12-14,600031.SH,三一重工,15.55397545324348,16.101052819094374,15.525678348113262,15.827514136168928,1007021,1693943264.0
2022-12-15,600031.SH,三一重工,15.761487557531751,15.987864398573498,15.51624597973652,15.610569663503918,558028,925347548.0
2022-12-16,600031.SH,三一重工,15.440787032722607,16.016161503703717,15.440787032722607,15.761487557531751,690852,1157924958.0
2022-12-19,600031.SH,三一重工,15.70489334727131,15.884108346429363,15.37476045408543,15.459651769476086,619131,1022409153.0
2022-12-20,600031.SH,三一重工,15.440787032722607,15.487948874606305,14.780521246350839,14.903142035248454,845660,1345919786.0
2022-12-21,600031.SH,三一重工,14.893709666871713,15.403057559215647,14.865412561741495,15.082357034406504,569438,916808332.0
2022-12-22,600031.SH,三一重工,15.289869138694774,15.535110716490001,15.195545454927379,15.289869138694774,488863,796294316.0
2022-12-23,600031.SH,三一重工,15.195545454927379,15.450219401099345,15.082357034406504,15.223842560057598,371593,600741109.0
2022-12-26,600031.SH,三一重工,15.223842560057598,15.308733875448253,14.969168613885628,15.289869138694774,401719,647119315.0
2022-12-27,600031.SH,三一重工,15.431354664345866,15.469084137852823,15.18611308655064,15.261572033564555,328299,532071803.0
2022-12-28,600031.SH,三一重工,15.271004401941296,15.271004401941296,14.884277298494974,14.94087150875541,430871,683648687.0
2022-12-29,600031.SH,三一重工,14.808818351481056,14.855980193364756,14.620170983946267,14.7710888779741,556120,866798387.0
2022-12-30,600031.SH,三一重工,14.808818351481056,15.214410191680857,14.808818351481056,14.903142035248454,432576,688032663.0
2023-01-03,600031.SH,三一重工,14.903142035248454,14.94087150875541,14.629603352323006,14.903142035248454,445067,698978168.0
2023-01-04,600031.SH,三一重工,14.903142035248454,15.327598612201731,14.827683088234537,15.138951244666941,759048,1217937118.0
2023-01-05,600031.SH,三一重工,15.20497782330412,15.450219401099345,15.148383613043679,15.412489927592388,604805,984167811.0
2023-01-06,600031.SH,三一重工,15.35589571733195,15.59170492675044,15.289869138694774,15.56340782162022,586023,960879789.0
2023-01-09,600031.SH,三一重工,15.620002031880656,16.072755713964153,15.572840189996962,15.987864398573498,1249265,2115497525.0
2023-01-10,600031.SH,三一重工,15.96899966182002,16.035026240457196,15.846378872922406,15.921837819936322,499625,844202170.0
2023-01-11,600031.SH,三一重工,15.808649399415449,15.97843203019676,15.733190452401532,15.770919925908489,522237,877760209.0
2023-01-12,600031.SH,三一重工,15.808649399415449,15.855811241299143,15.582272558373699,15.799217031038708,456836,762576126.0
2023-01-13,600031.SH,三一重工,15.818081767792187,16.053890977210674,15.723758084024793,16.053890977210674,629384,1065540059.0
2023-01-16,600031.SH,三一重工,16.09162045071763,16.33686202851286,15.855811241299143,16.053890977210674,962549,1642009832.0
2023-01-17,600031.SH,三一重工,16.082188082340895,16.317997291759383,16.006729135326978,16.20480887123851,545002,936372299.0
2023-01-18,600031.SH,三一重工,16.223673607991987,16.440618080656996,16.053890977210674,16.12934992422459,527486,906886068.0
2023-01-19,600031.SH,三一重工,16.04445860883394,16.19537650286177,15.921837819936322,16.14821466097807,548601,933188327.0
2023-01-20,600031.SH,三一重工,16.14821466097807,16.40288860715004,16.12934992422459,16.28970018662916,468945,809873043.0
2023-01-30,600031.SH,三一重工,16.50664465929417,16.591535974684827,16.223673607991987,16.280267818252426,631917,1095200781.0
2023-01-31,600031.SH,三一重工,16.251970713122205,16.591535974684827,16.15764702935481,16.525509396047653,812980,1420220999.0
2023-02-01,600031.SH,三一重工,16.54437413280113,16.57267123793135,15.950134925066541,16.251970713122205,1089034,1867927154.0
2023-02-02,600031.SH,三一重工,16.214241239615248,16.251970713122205,16.006729135326978,16.025593872080456,649914,1108046892.0
2023-02-03,600031.SH,三一重工,15.9407025566898,15.950134925066541,15.55397545324348,15.714325715648052,940483,1562341648.0
2023-02-06,600031.SH,三一重工,15.572840189996962,15.808649399415449,15.487948874606305,15.544543084866742,548198,906462342.0
2023-02-07,600031.SH,三一重工,15.610569663503918,15.676596242141095,15.478516506229564,15.582272558373699,501503,826838641.0
2023-02-08,600031.SH,三一重工,15.572840189996962,15.620002031880656,15.497381242983042,15.51624597973652,313096,515722286.0
2023-02-09,600031.SH,三一重工,15.55397545324348,15.695460978894573,15.469084137852823,15.695460978894573,540917,895777618.0
2023-02-10,600031.SH,三一重工,15.695460978894573,15.770919925908489,15.525678348113262,15.59170492675044,485651,804998384.0
2023-02-13,600031.SH,三一重工,15.714325715648052,17.14804570891246,15.676596242141095,17.14804570891246,3588879,6382823980.0
2023-02-14,600031.SH,三一重工,17.072586761898545,17.421584391837907,16.893371762740493,17.298963602940294,2025144,3690551302.0
2023-02-15,600031.SH,三一重工,17.308395971317033,17.35555781320073,17.063154393521806,17.19520755079616,887425,1616414980.0
2023-02-16,600031.SH,三一重工,17.17634281404268,17.251801761056594,16.61983307981505,16.808480447349837,1013492,1827586642.0
2023-02-17,600031.SH,三一重工,16.799048078973097,17.28953123456355,16.799048078973097,17.006560183261367,1210902,2197090571.0
2023-02-20,600031.SH,三一重工,17.34612544482399,18.53460386029317,17.28953123456355,18.449712544902514,2433212,4690920234.0
2023-02-21,600031.SH,三一重工,18.430847808149036,18.496874386786214,17.987526494442278,18.16674149360033,1391611,2686596275.0
2023-02-22,600031.SH,三一重工,18.298794650874683,18.610062807307088,18.11014728333989,18.242200440614244,883144,1710579230.0
2023-02-23,600031.SH,三一重工,18.242200440614244,18.298794650874683,17.9214999158051,18.062985441456192,675700,1292935884.0
2023-02-24,600031.SH,三一重工,18.16674149360033,18.204470967107287,17.34612544482399,17.60079939099596,1302536,2434156246.0
2023-02-27,600031.SH,三一重工,17.449881496968125,17.893202810674882,17.440449128591386,17.695123074763355,857609,1610968580.0
2023-02-28,600031.SH,三一重工,17.742284916647048,17.883770442298143,17.35555781320073,17.666825969633134,740317,1376901110.0
2023-03-01,600031.SH,三一重工,17.695123074763355,18.204470967107287,17.515908075605303,18.17617386197707,1187692,2274368618.0
2023-03-02,600031.SH,三一重工,18.119579651716634,18.34595649275838,18.062985441456192,18.204470967107287,781248,1509226586.0
2023-03-03,600031.SH,三一重工,18.204470967107287,18.3270917560049,18.044120704702713,18.195038598730548,512808,989069442.0
2023-03-06,600031.SH,三一重工,17.9214999158051,18.0158235995725,17.459313865344868,17.48761097047508,1356592,2529601539.0
2023-03-07,600031.SH,三一重工,17.478178602098346,17.657393601256395,17.14804570891246,17.17634281404268,766773,1413903514.0
2023-03-08,600031.SH,三一重工,17.072586761898545,17.40271965508443,16.97826307813115,17.24236939267986,499761,911860316.0
2023-03-09,600031.SH,三一重工,17.24236939267986,17.32726070807051,16.799048078973097,16.93110123624745,637604,1146793185.0
2023-03-10,600031.SH,三一重工,16.827345184103315,17.082019130275285,16.695292026828962,16.77075097384288,452220,808611199.0
2023-03-13,600031.SH,三一重工,16.817912815726576,17.32726070807051,16.817912815726576,16.91223649949397,743431,1344297693.0
2023-03-14,600031.SH,三一重工,16.902804131117236,16.902804131117236,16.28970018662916,16.440618080656996,769726,1344949876.0
2023-03-15,600031.SH,三一重工,16.54437413280113,16.666994921698745,16.431185712280257,16.55380650117787,594676,1042859160.0
2023-03-16,600031.SH,三一重工,16.487779922540692,16.676427290075484,16.33686202851286,16.38402387039656,513321,897206768.0
2023-03-17,600031.SH,三一重工,16.57267123793135,16.76131860546614,16.40288860715004,16.478347554163953,702792,1234467412.0
2023-03-20,600031.SH,三一重工,16.478347554163953,16.940533604624193,16.13878229260133,16.242538344745466,837222,1463981983.0
2023-03-21,600031.SH,三一重工,16.242538344745466,16.365159133643083,16.11048518747111,16.317997291759383,509764,877462745.0
2023-03-22,600031.SH,三一重工,16.459482817410475,16.55380650117787,16.30856492338264,16.450050449033736,465564,811473281.0
2023-03-23,600031.SH,三一重工,16.412320975526775,16.468915185787214,16.15764702935481,16.393456238773297,536712,927842029.0
2023-03-24,600031.SH,三一重工,16.393456238773297,16.393456238773297,15.70489334727131,15.97843203019676,1068993,1800657043.0
2023-03-27,600031.SH,三一重工,15.97843203019676,15.97843203019676,15.601137295127177,15.855811241299143,756367,1267344163.0
2023-03-28,600031.SH,三一重工,15.874675978052622,16.053890977210674,15.770919925908489,15.818081767792187,504371,851053457.0
2023-03-29,600031.SH,三一重工,15.893540714806104,16.223673607991987,15.789784662661967,16.13878229260133,652224,1108854443.0
2023-03-30,600031.SH,三一重工,16.167079397731552,16.393456238773297,15.950134925066541,16.233105976368726,625322,1071199732.0
2023-03-31,600031.SH,三一重工,16.280267818252426,16.365159133643083,16.072755713964153,16.119917555847852,547220,939796465.0
2023-04-03,600031.SH,三一重工,16.15764702935481,16.836777552480058,16.15764702935481,16.685859658452223,1035884,1819771847.0
2023-04-04,600031.SH,三一重工,16.629265448191784,16.789615710596358,16.516077027670914,16.695292026828962,550101,971364477.0
2023-04-06,600031.SH,三一重工,16.695292026828962,16.827345184103315,16.516077027670914,16.610400711438306,487995,860516135.0
2023-04-07,600031.SH,三一重工,16.610400711438306,16.695292026828962,16.393456238773297,16.412320975526775,501278,875077944.0
2023-04-10,600031.SH,三一重工,16.431185712280257,16.478347554163953,16.016161503703717,16.063323345587417,850318,1456729171.0
2023-04-11,600031.SH,三一重工,16.09162045071763,16.55380650117787,15.950134925066541,16.525509396047653,904570,1569056901.0
2023-04-12,600031.SH,三一重工,16.534941764424392,16.61983307981505,16.365159133643083,16.40288860715004,459162,801027005.0
2023-04-13,600031.SH,三一重工,16.38402387039656,16.534941764424392,16.04445860883394,16.101052819094374,748430,1282264214.0
2023-04-14,600031.SH,三一重工,16.12934992422459,16.19537650286177,15.997296766950239,16.025593872080456,429286,731377737.0
2023-04-17,600031.SH,三一重工,16.035026240457196,16.450050449033736,16.006729135326978,16.33686202851286,639093,1103286150.0
2023-04-18,600031.SH,三一重工,16.37459150201982,16.421753343903518,16.15764702935481,16.30856492338264,474728,819521069.0
2023-04-19,600031.SH,三一重工,16.317997291759383,16.35572676526634,15.959567293443282,16.04445860883394,593403,1009373203.0
2023-04-20,600031.SH,三一重工,16.025593872080456,16.19537650286177,15.846378872922406,15.9407025566898,555026,939765966.0
2023-04-21,600031.SH,三一重工,15.855811241299143,16.176511766108288,15.620002031880656,15.657731505387616,595313,1001087803.0
2023-04-24,600031.SH,三一重工,15.667163873764354,15.714325715648052,15.006898087392589,15.091789402783244,973014,1571569549.0
2023-04-25,600031.SH,三一重工,15.18611308655064,15.280436770318033,14.922006772001932,15.252139665187817,684727,1096510863.0
2023-04-26,600031.SH,三一重工,15.271004401941296,15.327598612201731,15.025762824146067,15.120086507913463,473179,760710654.0
2023-04-27,600031.SH,三一重工,15.1295188762902,15.337030980578472,15.035195192522806,15.299301507071512,518734,835736989.0
2023-04-28,600031.SH,三一重工,15.327598612201731,15.572840189996962,15.242707296811076,15.55397545324348,492214,807028419.0
2023-05-04,600031.SH,三一重工,15.506813611359783,15.56340782162022,15.35589571733195,15.403057559215647,484544,792288384.0
2023-05-05,600031.SH,三一重工,15.403057559215647,15.478516506229564,15.148383613043679,15.31816624382499,428689,694799598.0
2023-05-08,600031.SH,三一重工,15.31816624382499,15.525678348113262,15.261572033564555,15.412489927592388,405906,661459926.0
2023-05-09,600031.SH,三一重工,15.421922295969129,15.638866768634134,15.261572033564555,15.280436770318033,578283,946935315.0
2023-05-10,600031.SH,三一重工,15.289869138694774,15.35589571733195,15.195545454927379,15.308733875448253,319491,517721148.0
2023-05-11,600031.SH,三一重工,15.299301507071512,15.327598612201731,15.167248349797157,15.176680718173898,368918,595439834.0
2023-05-12,600031.SH,三一重工,15.176680718173898,15.195545454927379,14.780521246350839,14.818250719857797,655742,1036533946.0
2023-05-15,600031.SH,三一重工,14.827683088234537,15.223842560057598,14.639035720699745,15.20497782330412,489089,776193915.0
2023-05-16,600031.SH,三一重工,15.242707296811076,15.34646334895521,15.044627560899546,15.110654139536722,352630,566262694.0
2023-05-17,600031.SH,三一重工,15.082357034406504,15.450219401099345,15.054059929276287,15.280436770318033,448723,727050625.0
2023-05-18,600031.SH,三一重工,15.280436770318033,15.35589571733195,15.072924666029765,15.148383613043679,302478,487593687.0
2023-05-19,600031.SH,三一重工,15.101221771159985,15.138951244666941,14.865412561741495,14.94087150875541,423881,670599966.0
2023-05-22,600031.SH,三一重工,14.94087150875541,15.35589571733195,14.884277298494974,15.176680718173898,403205,646516163.0
2023-05-23,600031.SH,三一重工,15.176680718173898,15.214410191680857,14.97860098226237,14.97860098226237,273186,436468264.0
2023-05-24,600031.SH,三一重工,14.893709666871713,14.903142035248454,14.639035720699745,14.657900457453225,417644,652716696.0
2023-05-25,600031.SH,三一重工,14.639035720699745,14.705062299336923,14.252308617253425,14.422091248034736,622634,952940925.0
2023-05-26,600031.SH,三一重工,14.422091248034736,14.450388353164955,14.224011512123207,14.327767564267342,323811,491338764.0
2023-05-29,600031.SH,三一重工,14.327767564267342,14.403226511281257,14.252308617253425,14.271173354006905,303841,460543518.0
2023-05-30,600031.SH,三一重工,14.233443880499946,14.337199932644081,13.875013882183845,14.19571440699299,626741,938492278.0
2023-05-31,600031.SH,三一重工,14.195707851496968,14.329179919946233,13.938297433773382,13.995499748823068,598729,886063105.0
2023-06-01,600031.SH,三一重工,13.995499748823068,14.386382234995919,13.995499748823068,14.233842728196757,493509,737433169.0
2023-06-02,600031.SH,三一重工,14.271977604896549,14.634258933544556,14.233842728196757,14.557989180144975,495219,751717175.0
2023-06-05,600031.SH,三一重工,14.557989180144975,14.634258933544556,14.395915954170867,14.434050830870657,300530,456692262.0
2023-06-06,600031.SH,三一重工,14.491253145920341,14.77726472116877,14.376848515820972,14.376848515820972,456009,696907288.0
2023-06-07,600031.SH,三一重工,14.310112481596338,14.510320584270238,14.176640413147071,14.281511324071497,402853,604750514.0
2023-06-08,600031.SH,三一重工,14.300578762421392,14.977472823842671,14.281511324071497,14.958405385492775,933331,1441068094.0
2023-06-09,600031.SH,三一重工,14.948871666317826,15.05374257724225,14.767731001993823,14.767731001993823,431581,671959354.0
2023-06-12,600031.SH,三一重工,14.748663563643928,15.091877453942041,14.681927529419294,14.977472823842671,418050,655335370.0
2023-06-13,600031.SH,三一重工,14.977472823842671,15.110944892291936,14.85353447456835,14.948871666317826,309589,485234261.0
2023-06-14,600031.SH,三一重工,15.01560770054246,15.56856341268942,15.01560770054246,15.48275994011489,1212219,1955494317.0
2023-06-15,600031.SH,三一重工,15.454158782590051,16.19778887823596,15.425557625065206,16.13105284401133,1405705,2350713370.0
2023-06-16,600031.SH,三一重工,16.283592350810487,16.521935330184178,16.150120282361225,16.254991193285647,1397689,2393452872.0
2023-06-19,600031.SH,三一重工,16.43613185760965,16.4456655767846,16.0452493714368,16.064316809786696,858364,1453716179.0
2023-06-20,600031.SH,三一重工,16.09291796731154,16.207322597410908,15.940378460512376,16.0452493714368,588028,991496359.0
2023-06-21,600031.SH,三一重工,15.978513337212169,16.121519124836382,15.806906392063109,15.806906392063109,396230,662845575.0
2023-06-26,600031.SH,三一重工,15.73063663866353,15.89270986463764,15.539962255164578,15.587630851039318,589040,967256434.0
2023-06-27,600031.SH,三一重工,15.587630851039318,15.835507549587954,15.56856341268942,15.787838953713214,452398,745569525.0
2023-06-28,600031.SH,三一重工,15.73063663866353,15.854574987937848,15.587630851039318,15.759237796188375,297026,489125571.0
2023-06-29,600031.SH,三一重工,15.77830523453827,15.825973830413007,15.587630851039318,15.644833166089002,252817,415849540.0
2023-06-30,600031.SH,三一重工,15.587630851039318,15.930844741337431,15.587630851039318,15.854574987937848,439391,729460572.0
2023-07-03,600031.SH,三一重工,16.00711449473701,16.140586563186275,15.76877151536332,15.825973830413007,506861,846425968.0
2023-07-04,600031.SH,三一重工,15.825973830413007,16.121519124836382,15.759237796188375,15.873642426287743,393741,659107938.0
2023-07-05,600031.SH,三一重工,15.835507549587954,16.026181933086903,15.73063663866353,15.902243583812586,297613,497013517.0
2023-07-06,600031.SH,三一重工,15.835507549587954,16.064316809786696,15.702035481138687,15.749704077013424,378056,626579216.0
2023-07-07,600031.SH,三一重工,15.644833166089002,15.845041268762902,15.606698289389213,15.76877151536332,250456,413738114.0
2023-07-10,600031.SH,三一重工,15.73063663866353,15.95944589886227,15.73063663866353,15.854574987937848,275620,458444365.0
2023-07-11,600031.SH,三一重工,15.854574987937848,16.073850528961643,15.74017035783848,15.930844741337431,279592,465846901.0
2023-07-12,600031.SH,三一重工,15.930844741337431,16.254991193285647,15.806906392063109,15.835507549587954,505714,850615750.0
2023-07-13,600031.SH,三一重工,15.930844741337431,16.026181933086903,15.749704077013424,15.911777302987536,333825,556236952.0
2023-07-14,600031.SH,三一重工,15.921311022162481,16.417064419259756,15.825973830413007,16.36939582338502,976068,1665511302.0
2023-07-17,600031.SH,三一重工,16.283592350810487,16.378929542559966,16.102451686486486,16.35986210421007,413906,705738177.0
2023-07-18,600031.SH,三一重工,16.35986210421007,16.6458736794585,16.293126069985437,16.47426673430944,566780,980053965.0
2023-07-19,600031.SH,三一重工,16.464733015134495,16.579137645233867,16.331260946685227,16.56007020688397,365341,631620658.0
2023-07-20,600031.SH,三一重工,16.56007020688397,16.92235153553198,16.4456655767846,16.45519929595955,685002,1200656311.0
2023-07-21,600031.SH,三一重工,16.39799698090986,16.87468293965724,16.254991193285647,16.60773880275871,723920,1263971819.0
2023-07-24,600031.SH,三一重工,16.664941117808393,16.76027830955787,16.283592350810487,16.331260946685227,423873,729786140.0
2023-07-25,600031.SH,三一重工,16.47426673430944,16.970020131406717,16.47426673430944,16.855615501307344,694790,1226102478.0
2023-07-26,600031.SH,三一重工,16.855615501307344,16.88421665883219,16.47426673430944,16.502867891834285,462490,805264813.0
2023-07-27,600031.SH,三一重工,16.502867891834285,16.626806241108604,16.226390035760804,16.274058631635544,490392,842969044.0
2023-07-28,600031.SH,三一重工,16.207322597410908,16.87468293965724,16.188255159061015,16.741210871207972,854251,1490340497.0
2023-07-31,600031.SH,三一重工,16.80794690543261,17.189295672430514,16.798413186257662,16.92235153553198,694177,1237731659.0
2023-08-01,600031.SH,三一重工,16.8270143437825,16.88421665883219,16.378929542559966,16.464733015134495,613938,1067084835.0
2023-08-02,600031.SH,三一重工,16.55053648770902,16.817480624607555,16.55053648770902,16.59820508358376,383509,670306816.0
2023-08-03,600031.SH,三一重工,16.502867891834285,16.750744590382922,16.36939582338502,16.741210871207972,443011,770305215.0
2023-08-04,600031.SH,三一重工,16.92235153553198,17.046289884806296,16.6458736794585,16.68400855615829,451869,795801192.0
2023-08-07,600031.SH,三一重工,16.63633996028355,16.68400855615829,16.47426673430944,16.579137645233867,365441,634271623.0
2023-08-08,600031.SH,三一重工,16.579137645233867,16.579137645233867,16.073850528961643,16.245457474110697,646311,1101171577.0
2023-08-09,600031.SH,三一重工,16.188255159061015,16.188255159061015,15.635299446914052,15.711569200313635,1072097,1776360464.0
2023-08-10,600031.SH,三一重工,15.73063663866353,15.806906392063109,15.663900604438897,15.73063663866353,445548,735140602.0
2023-08-11,600031.SH,三一重工,15.73063663866353,15.77830523453827,15.149079768991728,15.158613488166674,817055,1313709346.0
2023-08-14,600031.SH,三一重工,15.025141419717407,15.187214645691517,14.920270508792985,15.120478611466883,456627,720938065.0
2023-08-15,600031.SH,三一重工,15.13954604981678,15.25395067991615,14.882135632093194,15.044208858067302,379659,599364669.0
2023-08-16,600031.SH,三一重工,14.967939104667721,15.282551837440995,14.948871666317826,15.063276296417198,430119,681395753.0
2023-08-17,600031.SH,三一重工,15.006073981367512,15.387422748365417,14.996540262192566,15.330220433315729,455952,729281901.0
2023-08-18,600031.SH,三一重工,15.320686714140784,15.349287871665627,15.006073981367512,15.01560770054246,354476,562480334.0
2023-08-21,600031.SH,三一重工,14.977472823842671,15.130012330641831,14.863068193743299,14.863068193743299,274679,431994767.0
2023-08-22,600031.SH,三一重工,14.920270508792985,15.110944892291936,14.700994967769189,14.948871666317826,362958,565414958.0
2023-08-23,600031.SH,三一重工,14.948871666317826,14.958405385492775,14.519854303445186,14.53892174179508,342170,526425985.0
2023-08-24,600031.SH,三一重工,14.548455460970027,14.643792652719503,14.395915954170867,14.414983392520762,520845,791109905.0
2023-08-25,600031.SH,三一重工,14.395915954170867,14.634258933544556,14.329179919946233,14.4626519883955,341430,517748036.0
2023-08-28,600031.SH,三一重工,15.21581580321636,15.30161927579089,14.73912984446898,14.844000755393404,650783,1020784095.0
2023-08-29,600031.SH,三一重工,14.786798440343718,14.93933794714288,14.605657776019713,14.805865878693613,495739,768499054.0
2023-08-30,600031.SH,三一重工,14.805865878693613,14.967939104667721,14.691461248594242,14.748663563643928,369386,573847976.0
2023-08-31,600031.SH,三一重工,15.01560770054246,15.320686714140784,14.729596125294032,14.767731001993823,833704,1309628108.0
2023-09-01,600031.SH,三一重工,14.82493331704351,15.30161927579089,14.82493331704351,15.206282084041412,865654,1377779704.0
2023-09-04,600031.SH,三一重工,15.368355310015522,16.350328385035123,15.358821590840574,16.274058631635544,1790365,3004171043.0
2023-09-05,600031.SH,三一重工,16.254991193285647,16.293126069985437,16.054783090611746,16.19778887823596,765230,1297499300.0
2023-09-06,600031.SH,三一重工,16.159654001536172,16.178721439886065,15.873642426287743,15.997580775562064,442136,741078289.0
2023-09-07,600031.SH,三一重工,15.988047056387115,16.13105284401133,15.835507549587954,15.96897961803722,492613,827167732.0
2023-09-08,600031.SH,三一重工,15.921311022162481,15.921311022162481,15.721102919488581,15.787838953713214,306265,507132025.0
2023-09-11,600031.SH,三一重工,15.902243583812586,16.035715652261853,15.73063663866353,15.921311022162481,374072,623076914.0
2023-09-12,600031.SH,三一重工,15.873642426287743,15.96897961803722,15.77830523453827,15.845041268762902,285234,474373069.0
2023-09-13,600031.SH,三一重工,15.921311022162481,15.96897961803722,15.635299446914052,15.73063663866353,323277,533300774.0
2023-09-14,600031.SH,三一重工,15.73063663866353,15.77830523453827,15.644833166089002,15.76877151536332,258450,426252423.0
2023-09-15,600031.SH,三一重工,15.77830523453827,15.864108707112797,15.578097131864368,15.616232008564157,338384,557015595.0
2023-09-18,600031.SH,三一重工,15.578097131864368,15.721102919488581,15.501827378464789,15.559029693514473,219607,359384287.0
2023-09-19,600031.SH,三一重工,15.559029693514473,15.616232008564157,15.387422748365417,15.539962255164578,310789,505101441.0
2023-09-20,600031.SH,三一重工,15.520894816814684,15.520894816814684,15.158613488166674,15.30161927579089,490735,788289110.0
2023-09-21,600031.SH,三一重工,15.2634843990911,15.377889029190468,15.149079768991728,15.2634843990911,353132,565342085.0
2023-09-22,600031.SH,三一重工,15.330220433315729,15.663900604438897,15.168147207341622,15.616232008564157,553686,898593755.0
2023-09-25,600031.SH,三一重工,15.616232008564157,15.682968042788792,15.339754152490679,15.349287871665627,454436,738698156.0
2023-09-26,600031.SH,三一重工,15.320686714140784,15.53042853598963,15.311152994965834,15.406490186715311,220316,356600658.0
2023-09-27,600031.SH,三一重工,15.349287871665627,15.48275994011489,15.21581580321636,15.273018118266044,361714,580752615.0
2023-09-28,600031.SH,三一重工,15.339754152490679,15.349287871665627,15.05374257724225,15.149079768991728,334635,531617854.0
2023-10-09,600031.SH,三一重工,15.130012330641831,15.339754152490679,15.082343734767093,15.13954604981678,364058,580492087.0
2023-10-10,600031.SH,三一重工,15.158613488166674,15.21581580321636,14.557989180144975,14.586590337669818,902846,1392257027.0
2023-10-11,600031.SH,三一重工,14.605657776019713,14.691461248594242,14.491253145920341,14.500786865095291,506029,772564901.0
2023-10-12,600031.SH,三一重工,14.605657776019713,14.710528686944137,14.510320584270238,14.700994967769189,453037,694977423.0
2023-10-13,600031.SH,三一重工,14.596124056844767,14.615191495194662,14.500786865095291,14.605657776019713,351504,536552162.0
2023-10-16,600031.SH,三一重工,14.615191495194662,14.634258933544556,14.319646200771286,14.357781077471078,427759,647060852.0
2023-10-17,600031.SH,三一重工,14.395915954170867,14.434050830870657,14.300578762421392,14.376848515820972,253684,382391799.0
2023-10-18,600031.SH,三一重工,14.357781077471078,14.376848515820972,14.186174132322021,14.214775289846862,317829,474524274.0
2023-10-19,600031.SH,三一重工,14.186174132322021,14.186174132322021,13.919229995423487,13.938297433773382,503966,740414214.0
2023-10-20,600031.SH,三一重工,13.881095118723698,13.909696276248539,13.738089331099482,13.776224207799272,405191,587088228.0
2023-10-23,600031.SH,三一重工,13.785757926974222,13.833426522848958,13.433010317501159,13.576016105125374,405489,579361640.0
2023-10-24,600031.SH,三一重工,13.566482385950426,13.690420735224745,13.50928007090074,13.614150981825164,404796,577418428.0
2023-10-25,600031.SH,三一重工,14.071769502222649,14.271977604896549,13.881095118723698,13.919229995423487,650655,956370931.0
2023-10-26,600031.SH,三一重工,13.776224207799272,13.957364872123279,13.699954454399691,13.938297433773382,301491,437772437.0
2023-10-27,600031.SH,三一重工,13.919229995423487,14.262443885721602,13.87156139954875,14.214775289846862,449362,665556490.0
2023-10-30,600031.SH,三一重工,14.195707851496968,14.376848515820972,13.976432310473173,14.329179919946233,349678,522965868.0
2023-10-31,600031.SH,三一重工,14.0622357830477,14.081303221397595,13.690420735224745,13.795291646149169,831085,1205082314.0
2023-11-01,600031.SH,三一重工,13.804825365324117,13.842960242023906,13.537881228425583,13.547414947600531,634966,905639898.0
2023-11-02,600031.SH,三一重工,13.547414947600531,13.652285858524955,13.347206844926632,13.385341721626421,626526,884846394.0
2023-11-03,600031.SH,三一重工,13.423476598326213,13.614150981825164,13.423476598326213,13.576016105125374,438647,623242089.0
2023-11-06,600031.SH,三一重工,13.63321842017506,13.804825365324117,13.58554982430032,13.804825365324117,487347,701133666.0
2023-11-07,600031.SH,三一重工,13.795291646149169,13.795291646149169,13.595083543475269,13.709488173574641,401070,575492437.0
2023-11-08,600031.SH,三一重工,13.680887016049796,13.757156769449377,13.604617262650216,13.690420735224745,372396,534210503.0
2023-11-09,600031.SH,三一重工,13.661819577699902,13.709488173574641,13.614150981825164,13.63321842017506,321549,460358302.0
2023-11-10,600031.SH,三一重工,13.595083543475269,13.595083543475269,13.461611475026002,13.50928007090074,341405,483368557.0
2023-11-13,600031.SH,三一重工,13.547414947600531,13.595083543475269,13.461611475026002,13.576016105125374,391524,555695164.0
2023-11-14,600031.SH,三一重工,13.566482385950426,13.63321842017506,13.518813790075688,13.576016105125374,417318,594419245.0
2023-11-15,600031.SH,三一重工,13.680887016049796,13.776224207799272,13.62368470100011,13.67135329687485,527973,757833760.0
2023-11-16,600031.SH,三一重工,13.63321842017506,13.642752139350007,13.499746351725793,13.50928007090074,376690,535054918.0
2023-11-17,600031.SH,三一重工,13.490212632550845,13.55694866677548,13.413942879151264,13.547414947600531,356305,503429987.0
2023-11-20,600031.SH,三一重工,13.50928007090074,13.576016105125374,13.433010317501159,13.528347509250635,403495,571461025.0
2023-11-21,600031.SH,三一重工,13.537881228425583,13.804825365324117,13.537881228425583,13.62368470100011,703077,1008680898.0
2023-11-22,600031.SH,三一重工,13.576016105125374,13.58554982430032,13.442544036676107,13.452077755851054,472139,667580568.0
2023-11-23,600031.SH,三一重工,13.461611475026002,13.50928007090074,13.404409159976318,13.50928007090074,322062,454851221.0
2023-11-24,600031.SH,三一重工,13.528347509250635,13.537881228425583,13.404409159976318,13.433010317501159,288140,406258178.0
2023-11-27,600031.SH,三一重工,13.39487544080137,13.413942879151264,13.15653246142768,13.185133618952522,524328,727093817.0
2023-11-28,600031.SH,三一重工,13.175599899777575,13.242335934002208,13.042127831328308,13.223268495652311,349614,482132465.0
2023-11-29,600031.SH,三一重工,13.204201057302416,13.204201057302416,12.99445923545357,13.042127831328308,400932,549593095.0
2023-11-30,600031.SH,三一重工,13.023060392978413,13.089796427203046,12.937256920403884,13.013526673803465,243467,332240607.0
2023-12-01,600031.SH,三一重工,13.042127831328308,13.089796427203046,12.841919728654409,13.0802627080281,429593,583663578.0
2023-12-04,600031.SH,三一重工,13.042127831328308,13.061195269678203,12.889588324529146,12.889588324529146,335570,455302313.0
2023-12-05,600031.SH,三一重工,12.860987167004303,12.860987167004303,12.660779064330404,12.670312783505352,368049,491725376.0
2023-12-06,600031.SH,三一重工,12.660779064330404,12.746582536904933,12.546374434231033,12.6798465026803,276176,367125345.0
2023-12-07,600031.SH,三一重工,12.698913941030195,12.708447660205143,12.508239557531242,12.517773276706192,371763,489843741.0
2023-12-08,600031.SH,三一重工,12.536840715056087,12.60357674928072,12.384301208256925,12.384301208256925,431857,565700479.0
2023-12-11,600031.SH,三一重工,12.250829139807658,12.565441872580928,12.012486160433967,12.460570961656506,778066,996688221.0
2023-12-12,600031.SH,三一重工,12.393834927431872,12.555908153405982,12.308031454857344,12.508239557531242,353407,462453426.0
2023-12-13,600031.SH,三一重工,12.489172119181347,12.498705838356296,12.250829139807658,12.250829139807658,358414,463870058.0
2023-12-14,600031.SH,三一重工,12.279430297332501,12.422436084956715,12.16502566723313,12.174559386408077,258662,332693334.0
2023-12-15,600031.SH,三一重工,12.212694263107869,12.422436084956715,12.174559386408077,12.193626824757972,359303,462749896.0
2023-12-18,600031.SH,三一重工,12.136424509708288,12.24129542063271,12.022019879608916,12.107823352183443,280436,356809929.0
2023-12-19,600031.SH,三一重工,12.079222194658602,12.193626824757972,12.060154756308707,12.16502566723313,284282,361507210.0
2023-12-20,600031.SH,三一重工,12.184093105583024,12.28896401650745,12.145958228883234,12.212694263107869,376712,483603230.0
2023-12-21,600031.SH,三一重工,12.184093105583024,12.584509310930823,12.155491948058183,12.565441872580928,643414,839469360.0
2023-12-22,600031.SH,三一重工,12.555908153405982,12.651245345155457,12.441503523306611,12.498705838356296,442749,582475439.0
2023-12-25,600031.SH,三一重工,12.498705838356296,12.622644187630614,12.479638400006401,12.594043030105773,276473,363983076.0
2023-12-26,600031.SH,三一重工,12.60357674928072,12.622644187630614,12.451037242481558,12.622644187630614,304588,400451458.0
2023-12-27,600031.SH,三一重工,12.632177906805563,12.651245345155457,12.451037242481558,12.622644187630614,291991,384951790.0
2023-12-28,600031.SH,三一重工,12.60357674928072,13.137465023077784,12.527306995881139,13.061195269678203,757665,1027730546.0
2023-12-29,600031.SH,三一重工,13.023060392978413,13.19466733812747,12.984925516278622,13.127931303902836,481487,662923404.0
2024-01-02,600031.SH,三一重工,13.14699874225273,13.204201057302416,13.070728988853151,13.118397584727889,360391,497198214.0
2024-01-03,600031.SH,三一重工,13.089796427203046,13.127931303902836,12.899122043704093,12.99445923545357,388458,529369041.0
2024-01-04,600031.SH,三一重工,12.99445923545357,13.061195269678203,12.756116256079881,12.860987167004303,338798,456740267.0
2024-01-05,600031.SH,三一重工,12.860987167004303,12.99445923545357,12.698913941030195,12.784717413604724,298889,403333627.0
2024-01-08,600031.SH,三一重工,12.79425113277967,12.870520886179252,12.565441872580928,12.632177906805563,397614,528383229.0
2024-01-09,600031.SH,三一重工,12.632177906805563,12.698913941030195,12.498705838356296,12.594043030105773,318440,420787893.0
2024-01-10,600031.SH,三一重工,12.565441872580928,12.708447660205143,12.470104680831453,12.613110468455668,265291,350752089.0
2024-01-11,600031.SH,三一重工,12.632177906805563,12.860987167004303,12.527306995881139,12.860987167004303,420692,562484718.0
2024-01-12,600031.SH,三一重工,12.860987167004303,12.870520886179252,12.689380221855249,12.698913941030195,276625,370919423.0
2024-01-15,600031.SH,三一重工,12.660779064330404,12.784717413604724,12.479638400006401,12.660779064330404,348193,461843409.0
2024-01-16,600031.SH,三一重工,12.584509310930823,12.670312783505352,12.451037242481558,12.64171162598051,411352,542185618.0
2024-01-17,600031.SH,三一重工,12.584509310930823,12.613110468455668,12.393834927431872,12.393834927431872,310112,406936108.0
2024-01-18,600031.SH,三一重工,12.36523376990703,12.60357674928072,12.069688475483654,12.584509310930823,654582,844833845.0
2024-01-19,600031.SH,三一重工,12.40336864660682,12.574975591755877,12.36523376990703,12.431969804131661,419872,547964315.0
2024-01-22,600031.SH,三一重工,12.422436084956715,12.517773276706192,12.16502566723313,12.269896578157553,586332,761606136.0
2024-01-23,600031.SH,三一重工,12.260362858982605,12.441503523306611,12.184093105583024,12.346166331557134,332049,428986148.0
2024-01-24,600031.SH,三一重工,12.460570961656506,12.632177906805563,12.212694263107869,12.546374434231033,537480,702007060.0
2024-01-25,600031.SH,三一重工,12.574975591755877,12.870520886179252,12.498705838356296,12.870520886179252,626488,838396681.0
2024-01-26,600031.SH,三一重工,12.784717413604724,13.137465023077784,12.775183694429776,13.023060392978413,598852,814973023.0
2024-01-29,600031.SH,三一重工,13.013526673803465,13.137465023077784,12.860987167004303,12.870520886179252,377985,513864004.0
2024-01-30,600031.SH,三一重工,12.813318571129566,12.860987167004303,12.613110468455668,12.613110468455668,363028,484082006.0
2024-01-31,600031.SH,三一重工,12.555908153405982,12.670312783505352,12.40336864660682,12.460570961656506,408691,536660133.0
2024-02-01,600031.SH,三一重工,12.546374434231033,12.6798465026803,12.393834927431872,12.632177906805563,365225,481708940.0
2024-02-02,600031.SH,三一重工,12.632177906805563,12.841919728654409,12.12689079053334,12.479638400006401,595990,784124009.0
2024-02-05,600031.SH,三一重工,12.355700050732082,12.60357674928072,12.107823352183443,12.508239557531242,603932,783521787.0
2024-02-06,600031.SH,三一重工,12.508239557531242,13.061195269678203,12.412902365781767,13.061195269678203,751323,1012570936.0
2024-02-07,600031.SH,三一重工,13.0802627080281,13.15653246142768,12.832386009479462,13.118397584727889,892503,1220117317.0
2024-02-08,600031.SH,三一重工,13.175599899777575,13.547414947600531,13.14699874225273,13.50928007090074,914131,1288284460.0
2024-02-19,600031.SH,三一重工,13.690420735224745,13.699954454399691,13.356740564101578,13.480678913375899,654663,923989420.0
2024-02-20,600031.SH,三一重工,13.442544036676107,13.47114519420095,13.232802214827261,13.366274283276526,456754,638820880.0
2024-02-21,600031.SH,三一重工,13.328139406576737,13.614150981825164,13.27093709152705,13.366274283276526,708061,999533742.0
2024-02-22,600031.SH,三一重工,13.366274283276526,13.490212632550845,13.318605687401789,13.413942879151264,401986,565202183.0
2024-02-23,600031.SH,三一重工,13.413942879151264,13.433010317501159,13.19466733812747,13.299538249051892,573962,801061182.0
2024-02-26,600031.SH,三一重工,13.547414947600531,13.63321842017506,13.366274283276526,13.404409159976318,650704,919564917.0
2024-02-27,600031.SH,三一重工,13.328139406576737,13.39487544080137,13.223268495652311,13.39487544080137,545889,761563383.0
2024-02-28,600031.SH,三一重工,13.39487544080137,13.490212632550845,13.089796427203046,13.10886386555294,794453,1109154524.0
2024-02-29,600031.SH,三一重工,13.061195269678203,13.290004529876946,13.042127831328308,13.290004529876946,570261,790030786.0
2024-03-01,600031.SH,三一重工,13.280470810701997,13.385341721626421,13.19466733812747,13.299538249051892,534058,744794917.0
2024-03-04,600031.SH,三一重工,13.251869653177156,13.452077755851054,13.251869653177156,13.366274283276526,591345,828927783.0
2024-03-05,600031.SH,三一重工,13.356740564101578,13.356740564101578,13.204201057302416,13.318605687401789,493747,687483424.0
2024-03-06,600031.SH,三一重工,13.318605687401789,13.576016105125374,13.261403372352103,13.50928007090074,690243,973133718.0
2024-03-07,600031.SH,三一重工,13.576016105125374,13.766690488624326,13.347206844926632,13.433010317501159,831863,1184827389.0
2024-03-08,600031.SH,三一重工,13.366274283276526,13.480678913375899,13.223268495652311,13.318605687401789,530693,741306050.0
2024-03-11,600031.SH,三一重工,13.299538249051892,13.309071968226842,13.213734776477365,13.299538249051892,580827,807580805.0
2024-03-12,600031.SH,三一重工,13.290004529876946,13.490212632550845,13.175599899777575,13.452077755851054,848287,1185622865.0
2024-03-13,600031.SH,三一重工,13.442544036676107,13.442544036676107,13.261403372352103,13.27093709152705,606094,845997647.0
2024-03-14,600031.SH,三一重工,13.261403372352103,13.423476598326213,13.166066180602627,13.232802214827261,549460,764777092.0
2024-03-15,600031.SH,三一重工,13.19466733812747,13.223268495652311,13.023060392978413,13.15653246142768,541860,744388357.0
2024-03-18,600031.SH,三一重工,13.15653246142768,13.328139406576737,13.042127831328308,13.318605687401789,663613,920909279.0
2024-03-19,600031.SH,三一重工,13.299538249051892,13.58554982430032,13.261403372352103,13.490212632550845,990591,1399294746.0
2024-03-20,600031.SH,三一重工,13.490212632550845,13.50928007090074,13.318605687401789,13.423476598326213,466769,655681701.0
2024-03-21,600031.SH,三一重工,13.413942879151264,13.47114519420095,13.347206844926632,13.413942879151264,413762,582018605.0
2024-03-22,600031.SH,三一重工,13.375808002451473,13.413942879151264,13.19466733812747,13.299538249051892,471582,657132222.0
2024-03-25,600031.SH,三一重工,13.62368470100011,14.22430900902181,13.58554982430032,13.928763714598434,2066463,3019685214.0
2024-03-26,600031.SH,三一重工,13.938297433773382,14.138505536447282,13.776224207799272,14.0622357830477,1071495,1569541030.0
2024-03-27,600031.SH,三一重工,14.014567187172963,14.186174132322021,13.881095118723698,13.900162557073592,871724,1283466323.0
2024-03-28,600031.SH,三一重工,13.823892803674012,13.957364872123279,13.690420735224745,13.776224207799272,723349,1049502650.0
2024-03-29,600031.SH,三一重工,13.785757926974222,13.976432310473173,13.699954454399691,13.900162557073592,475888,690730212.0
2024-04-01,600031.SH,三一重工,13.966898591298225,14.300578762421392,13.928763714598434,14.281511324071497,1061937,1581574718.0
2024-04-02,600031.SH,三一重工,14.262443885721602,14.567522899319922,14.176640413147071,14.233842728196757,776585,1170682699.0
2024-04-03,600031.SH,三一重工,14.205241570671916,14.22430900902181,14.071769502222649,14.138505536447282,422219,626181590.0
2024-04-08,600031.SH,三一重工,14.071769502222649,14.481719426745395,13.966898591298225,14.376848515820972,843316,1263920651.0
2024-04-09,600031.SH,三一重工,14.319646200771286,14.634258933544556,14.300578762421392,14.357781077471078,721057,1093234299.0
2024-04-10,600031.SH,三一重工,14.395915954170867,14.82493331704351,14.395915954170867,14.653326371894451,1168690,1802502771.0
2024-04-11,600031.SH,三一重工,14.643792652719503,15.435091344240156,14.557989180144975,15.206282084041412,1687882,2679674233.0
2024-04-12,600031.SH,三一重工,15.25395067991615,15.30161927579089,14.82493331704351,14.89166935126814,942944,1481597409.0
2024-04-15,600031.SH,三一重工,14.834467036218456,15.311152994965834,14.796332159518665,15.091877453942041,1045317,1654682872.0
2024-04-16,600031.SH,三一重工,14.987006543017618,15.044208858067302,14.567522899319922,14.596124056844767,910466,1407177836.0
2024-04-17,600031.SH,三一重工,14.586590337669818,15.396956467540363,14.472185707570446,15.358821590840574,1391234,2186269152.0
2024-04-18,600031.SH,三一重工,15.187214645691517,15.377889029190468,14.958405385492775,14.996540262192566,951782,1510803386.0
2024-04-19,600031.SH,三一重工,14.93933794714288,15.21581580321636,14.882135632093194,15.01560770054246,545930,861082304.0
2024-04-22,600031.SH,三一重工,15.01560770054246,15.025141419717407,14.529388022620132,14.615191495194662,675395,1038056869.0
2024-04-23,600031.SH,三一重工,14.519854303445186,14.6628600910694,14.14803925562223,14.252910166546652,690320,1037282500.0
2024-04-24,600031.SH,三一重工,14.443584550045605,14.748663563643928,14.443584550045605,14.720062406119084,718780,1103372566.0
2024-04-25,600031.SH,三一重工,14.681927529419294,14.89166935126814,14.624725214369608,14.643792652719503,386123,596480990.0
2024-04-26,600031.SH,三一重工,14.643792652719503,15.349287871665627,14.596124056844767,15.29208555661594,1136853,1800746712.0
2024-04-29,600031.SH,三一重工,15.30161927579089,15.416023905890262,15.130012330641831,15.368355310015522,768692,1234211080.0
2024-04-30,600031.SH,三一重工,15.320686714140784,15.721102919488581,15.168147207341622,15.549495974339525,767606,1249420500.0
2024-05-06,600031.SH,三一重工,15.76877151536332,16.207322597410908,15.711569200313635,16.140586563186275,1306690,2200612051.0
2024-05-07,600031.SH,三一重工,16.064316809786696,16.245457474110697,16.026181933086903,16.083384248136593,531055,897685758.0
2024-05-08,600031.SH,三一重工,16.064316809786696,16.121519124836382,15.835507549587954,15.883176145462691,449594,750039303.0
2024-05-09,600031.SH,三一重工,15.949912179687326,16.655407398633447,15.89270986463764,16.6458736794585,1251879,2163216455.0
2024-05-10,600031.SH,三一重工,16.68400855615829,16.703075994508183,16.417064419259756,16.579137645233867,567536,985336929.0
2024-05-13,600031.SH,三一重工,16.4456655767846,16.750744590382922,16.312193508335334,16.56007020688397,571332,992346397.0
2024-05-14,600031.SH,三一重工,16.55053648770902,16.67447483698334,16.054783090611746,16.140586563186275,962238,1635479936.0
2024-05-15,600031.SH,三一重工,16.140586563186275,16.274058631635544,15.988047056387115,16.016648213911957,478908,807579159.0
2024-05-16,600031.SH,三一重工,16.064316809786696,16.39799698090986,15.854574987937848,16.226390035760804,821383,1390817457.0
2024-05-17,600031.SH,三一重工,16.178721439886065,16.274058631635544,15.797372672888164,16.254991193285647,749973,1261416023.0
2024-05-20,600031.SH,三一重工,16.235923754935754,16.254991193285647,15.921311022162481,16.121519124836382,579553,977173897.0
2024-05-21,600031.SH,三一重工,16.121519124836382,16.235923754935754,16.064316809786696,16.13105284401133,339040,574421004.0
2024-05-22,600031.SH,三一重工,16.13105284401133,16.235923754935754,15.978513337212169,16.140586563186275,429681,727796619.0
2024-05-23,600031.SH,三一重工,16.140586563186275,16.178721439886065,15.854574987937848,15.930844741337431,428707,718239749.0
2024-05-24,600031.SH,三一重工,15.930844741337431,16.235923754935754,15.864108707112797,16.0452493714368,576708,975116150.0
2024-05-27,600031.SH,三一重工,16.0452493714368,16.331260946685227,16.016648213911957,16.235923754935754,490352,832037270.0
2024-05-28,600031.SH,三一重工,16.235923754935754,16.254991193285647,15.644833166089002,15.69250176196374,797064,1322663952.0
2024-05-29,600031.SH,三一重工,15.69250176196374,15.73063663866353,15.444625063415101,15.520894816814684,484732,791037758.0
2024-05-30,600031.SH,三一重工,15.501827378464789,15.616232008564157,15.339754152490679,15.473226220939946,385781,625756191.0
2024-05-31,600031.SH,三一重工,15.539962255164578,15.702035481138687,15.416023905890262,15.425557625065206,375487,611706983.0
2024-06-03,600031.SH,三一重工,15.425557625065206,15.49229365928984,15.072810015592147,15.168147207341622,655212,1046103895.0
2024-06-04,600031.SH,三一重工,15.168147207341622,15.30161927579089,15.120478611466883,15.168147207341622,447745,713768479.0
2024-06-05,600031.SH,三一重工,15.168147207341622,15.225349522391308,14.987006543017618,15.034675138892355,370076,585176044.0
2024-06-06,600031.SH,三一重工,15.158613488166674,15.539962255164578,15.120478611466883,15.406490186715311,710628,1145320305.0
2024-06-07,600031.SH,三一重工,15.435091344240156,15.759237796188375,15.330220433315729,15.416023905890262,766496,1249116566.0
2024-06-11,600031.SH,三一重工,15.425557625065206,15.425557625065206,15.01560770054246,15.187214645691517,440590,700148468.0
2024-06-12,600031.SH,三一重工,15.13954604981678,15.396956467540363,15.034675138892355,15.320686714140784,563963,900090814.0
2024-06-13,600031.SH,三一重工,15.244416960741203,15.2634843990911,14.786798440343718,14.844000755393404,678733,1060702711.0
2024-06-14,600031.SH,三一重工,14.786798440343718,15.01560770054246,14.73912984446898,14.948871666317826,374378,586026374.0
2024-06-17,600031.SH,三一重工,14.90120307044309,14.987006543017618,14.82493331704351,14.910736789618037,298514,466708091.0
2024-06-18,600031.SH,三一重工,14.910736789618037,15.435091344240156,14.700994967769189,15.273018118266044,591174,935527398.0
2024-06-19,600031.SH,三一重工,15.206282084041412,15.25395067991615,14.967939104667721,15.082343734767093,412765,652932086.0
2024-06-20,600031.SH,三一重工,15.063276296417198,15.349287871665627,14.89166935126814,14.977472823842671,431245,681099484.0
2024-06-21,600031.SH,三一重工,15.035477020012161,15.547940223909679,14.97746231768414,15.412572585144298,619218,983043367.0
2024-06-24,600031.SH,三一重工,15.412572585144298,15.663969628565722,15.344888765761606,15.451249053362979,544571,873027207.0
2024-06-25,600031.SH,三一重工,15.47058728747232,16.002388725479182,15.47058728747232,15.818675501440445,1045628,1710123401.0
2024-06-26,600031.SH,三一重工,15.838013735549787,15.925035789041818,15.634962277401714,15.867021086713798,669452,1093034296.0
2024-06-27,600031.SH,三一重工,15.847682852604457,15.934704906096488,15.721984330893745,15.721984330893745,510800,835253448.0
2024-06-28,600031.SH,三一重工,15.663969628565722,16.070072544861873,15.586616692128363,15.95404314020583,502143,827608489.0
2024-07-01,600031.SH,三一重工,15.91536667198715,16.05073431075253,15.731653447948414,15.886359320823138,380058,623781671.0
2024-07-02,600031.SH,三一重工,15.838013735549787,15.838013735549787,14.98713143473881,15.132168190558863,1021853,1613311047.0
2024-07-03,600031.SH,三一重工,15.045146137066832,15.180513775832212,14.938785849465457,15.08382260528551,400547,623889667.0
2024-07-04,600031.SH,三一重工,15.09349172234018,15.325550531652265,15.00646966884815,15.103160839394851,317439,497286760.0
2024-07-05,600031.SH,三一重工,15.103160839394851,15.364226999870947,14.98713143473881,15.296543180488255,441273,694059920.0
2024-07-08,600031.SH,三一重工,15.383565233980288,15.43191081925364,14.996800551793479,15.045146137066832,290464,454614029.0
2024-07-09,600031.SH,三一重工,14.900109381246777,14.9581240835748,14.387646177349257,14.793749093645406,773771,1171632387.0
2024-07-10,600031.SH,三一重工,14.658381454880022,15.045146137066832,14.658381454880022,15.00646966884815,456569,704411752.0
2024-07-11,600031.SH,三一重工,15.08382260528551,15.789668150276434,15.08382260528551,15.779999033221767,683970,1100747455.0
2024-07-12,600031.SH,三一重工,15.770329916167094,15.847682852604457,15.634962277401714,15.760660799112426,332412,541110685.0
2024-07-15,600031.SH,三一重工,15.625293160347043,15.934704906096488,15.567278458019024,15.750991682057755,309859,505964835.0
2024-07-16,600031.SH,三一重工,15.750991682057755,15.818675501440445,15.51893287274567,15.721984330893745,294069,477232020.0
2024-07-17,600031.SH,三一重工,15.683307862675063,15.712315213839075,15.315881414597596,15.52860198980034,392902,628118344.0
2024-07-18,600031.SH,三一重工,15.499594638636331,15.838013735549787,15.422241702198967,15.799337267331106,401077,651414621.0
2024-07-19,600031.SH,三一重工,15.760660799112426,15.905697554932477,15.673638745620394,15.857351969659126,465650,761381948.0
2024-07-22,600031.SH,三一重工,15.799337267331106,15.876690203768469,15.596285809183032,15.731653447948414,373148,605621931.0
2024-07-23,600031.SH,三一重工,15.644631394456383,15.712315213839075,15.47058728747232,15.47058728747232,235324,379116334.0
2024-07-24,600031.SH,三一重工,15.44157993630831,15.673638745620394,15.219190244050894,15.451249053362979,315576,503569725.0
2024-07-25,600031.SH,三一重工,15.451249053362979,15.567278458019024,15.132168190558863,15.180513775832212,328502,519380710.0
2024-07-26,600031.SH,三一重工,15.248197595214904,15.712315213839075,15.199852009941555,15.46091817041765,340715,545606097.0
2024-07-29,600031.SH,三一重工,15.451249053362979,15.53827110685501,15.064484371176171,15.09349172234018,308398,485024928.0
2024-07-30,600031.SH,三一重工,15.064484371176171,15.122499073504192,14.94845496652013,15.09349172234018,238062,370173936.0
2024-07-31,600031.SH,三一重工,15.09349172234018,15.654300511511055,15.01613878590282,15.615624043292371,397383,635078980.0
2024-08-01,600031.SH,三一重工,15.557609340964351,15.567278458019024,15.248197595214904,15.257866712269575,352759,560558838.0
2024-08-02,600031.SH,三一重工,15.180513775832212,15.344888765761606,15.09349172234018,15.132168190558863,215986,338815437.0
2024-08-05,600031.SH,三一重工,15.103160839394851,15.277204946378916,14.803418210700077,14.909778498301447,320190,496699216.0
2024-08-06,600031.SH,三一重工,14.98713143473881,15.132168190558863,14.697057923098702,14.94845496652013,299268,461136147.0
2024-08-07,600031.SH,三一重工,14.938785849465457,15.170844658777543,14.764741742481394,14.793749093645406,264439,408022915.0
2024-08-08,600031.SH,三一重工,14.745403508372055,14.880771147137438,14.629374103716012,14.784079976590734,202818,309321821.0
2024-08-09,600031.SH,三一重工,14.851763795973426,15.296543180488255,14.822756444809416,14.900109381246777,423858,662944648.0
2024-08-12,600031.SH,三一重工,14.890440264192108,14.967793200629469,14.716396157208044,14.832425561864087,161736,248303085.0
2024-08-13,600031.SH,三一重工,14.851763795973426,14.900109381246777,14.610035869606671,14.755072625426724,271817,413100923.0
2024-08-14,600031.SH,三一重工,14.745403508372055,14.774410859536065,14.474668230841289,14.49400646495063,291458,438856890.0
2024-08-15,600031.SH,三一重工,14.435991762622608,14.880771147137438,14.358638826185246,14.803418210700077,334084,509579940.0
2024-08-16,600031.SH,三一重工,14.813087327754745,14.880771147137438,14.716396157208044,14.784079976590734,160750,245701710.0
2024-08-19,600031.SH,三一重工,14.755072625426724,15.170844658777543,14.716396157208044,15.103160839394851,303939,473995133.0
2024-08-20,600031.SH,三一重工,15.08382260528551,15.180513775832212,14.967793200629469,15.112829956449522,234375,365151495.0
2024-08-21,600031.SH,三一重工,15.064484371176171,15.180513775832212,15.01613878590282,15.112829956449522,203146,317751195.0
2024-08-22,600031.SH,三一重工,15.074153488230841,15.151506424668202,14.900109381246777,15.035477020012161,262694,408772452.0
2024-08-23,600031.SH,三一重工,15.064484371176171,15.47058728747232,15.00646966884815,15.422241702198967,405346,643146338.0
2024-08-26,600031.SH,三一重工,15.44157993630831,15.596285809183032,15.151506424668202,15.48025640452699,352186,562534420.0
2024-08-27,600031.SH,三一重工,15.53827110685501,15.557609340964351,15.354557882816279,15.51893287274567,309613,495922721.0
2024-08-28,600031.SH,三一重工,15.509263755690998,15.663969628565722,15.412572585144298,15.586616692128363,260944,419994324.0
2024-08-29,600031.SH,三一重工,15.52860198980034,15.586616692128363,15.354557882816279,15.354557882816279,427788,683654971.0
2024-08-30,600031.SH,三一重工,15.238528478160234,15.712315213839075,14.842094678918755,15.586616692128363,733719,1166813956.0
2024-09-02,600031.SH,三一重工,15.625293160347043,16.03139607664319,15.586616692128363,15.770329916167094,629370,1031253907.0
2024-09-03,600031.SH,三一重工,15.770329916167094,15.934704906096488,15.673638745620394,15.838013735549787,291358,476987725.0
2024-09-04,600031.SH,三一重工,15.905697554932477,15.905697554932477,15.644631394456383,15.809006384385778,275799,450203383.0
2024-09-05,600031.SH,三一重工,15.818675501440445,15.934704906096488,15.692976979729734,15.886359320823138,263498,432318470.0
2024-09-06,600031.SH,三一重工,15.934704906096488,16.04106519369786,15.586616692128363,15.596285809183032,315383,514867519.0
2024-09-09,600031.SH,三一重工,15.248197595214904,15.248197595214904,14.658381454880022,14.735734391317385,887768,1365534901.0
2024-09-10,600031.SH,三一重工,14.919447615356118,14.919447615356118,14.57135940138799,14.784079976590734,435705,662384478.0
2024-09-11,600031.SH,三一重工,14.697057923098702,15.08382260528551,14.648712337825353,15.0548152541215,345979,534973780.0
2024-09-12,600031.SH,三一重工,14.98713143473881,15.267535829324244,14.919447615356118,14.98713143473881,264821,411646057.0
2024-09-13,600031.SH,三一重工,15.01613878590282,15.074153488230841,14.726065274262714,14.774410859536065,361966,556133942.0
2024-09-18,600031.SH,三一重工,14.726065274262714,15.373896116925618,14.697057923098702,15.315881414597596,534426,840236390.0
2024-09-19,600031.SH,三一重工,15.306212297542926,15.634962277401714,15.122499073504192,15.161175541722873,614496,975398811.0
2024-09-20,600031.SH,三一重工,15.209521126996224,15.422241702198967,15.045146137066832,15.325550531652265,398992,629534928.0
2024-09-23,600031.SH,三一重工,15.315881414597596,15.770329916167094,15.306212297542926,15.702646096784402,508098,820830016.0
2024-09-24,600031.SH,三一重工,15.828344618495118,16.157094598353904,15.557609340964351,16.118418130135225,685346,1129298690.0
2024-09-25,600031.SH,三一重工,16.302131354173955,16.611543099923402,16.07974166191654,16.147425481299233,719915,1219050674.0
2024-09-26,600031.SH,三一重工,16.147425481299233,16.621212216978073,16.070072544861873,16.621212216978073,714270,1214062156.0
2024-09-27,600031.SH,三一重工,16.91128572861818,17.33672687902367,16.756579855743453,17.230366591422296,852418,1504913671.0
2024-09-30,600031.SH,三一重工,17.810513614702508,18.564704744966782,17.4237489325157,18.255292999217335,2488477,4630840886.0
2024-10-08,600031.SH,三一重工,20.073087005495335,20.073087005495335,18.37132240387338,18.77742532016953,2542514,5014016067.0
2024-10-09,600031.SH,三一重工,18.44867534031074,18.44867534031074,17.33672687902367,17.33672687902367,1974257,3649686706.0
2024-10-10,600031.SH,三一重工,17.33672687902367,18.468013574420084,17.33672687902367,17.96521948757723,1366300,2540477856.0
2024-10-11,600031.SH,三一重工,17.791175380593167,17.90720478524921,17.162682772039606,17.317388644914328,844159,1529643579.0
2024-10-14,600031.SH,三一重工,17.40441069840636,18.042572424014594,17.40441069840636,18.042572424014594,1229661,2275820911.0
2024-10-15,600031.SH,三一重工,18.052241541069264,18.129594477506625,17.655807741827786,17.675145975937127,711404,1316217618.0
2024-10-16,600031.SH,三一重工,17.48176363484372,17.82018273175718,17.4237489325157,17.568785688335755,628693,1144817627.0
2024-10-17,600031.SH,三一重工,17.54944745422641,17.713822444155806,17.094998952656912,17.143344537930265,747985,1345462786.0
2024-10-18,600031.SH,三一重工,17.07566071854757,17.646138624773116,16.969300430946202,17.40441069840636,1044733,1865576689.0
2024-10-21,600031.SH,三一重工,17.40441069840636,17.54944745422641,17.02731513327422,17.172351889094276,849677,1507642419.0
2024-10-22,600031.SH,三一重工,17.162682772039606,17.375403347242347,17.036984250328892,17.211028357312955,705700,1252572337.0
2024-10-23,600031.SH,三一重工,17.220697474367626,17.27871217669565,17.0659916014929,17.114337186766253,682611,1211299930.0
2024-10-24,600031.SH,三一重工,17.02731513327422,17.02731513327422,16.688896036360767,16.86294014334483,636870,1108464725.0
2024-10-25,600031.SH,三一重工,16.88227837745417,17.124006303820924,16.804925441016806,16.872609260399496,681192,1192645003.0
2024-10-28,600031.SH,三一重工,16.872609260399496,17.249704825531637,16.708234270470108,17.230366591422296,813140,1437102582.0
2024-10-29,600031.SH,三一重工,17.307719527859657,17.356065113133006,16.94996219683686,17.07566071854757,582911,1033940588.0
2024-10-30,600031.SH,三一重工,16.97896954800087,17.356065113133006,16.93062396272752,16.93062396272752,508975,899006920.0
2024-10-31,600031.SH,三一重工,17.07566071854757,17.94588125346789,17.07566071854757,17.646138624773116,1523031,2781019760.0
2024-11-01,600031.SH,三一重工,17.607462156554433,18.31330770154536,17.50110186895306,18.11992536045195,1458691,2723460708.0
2024-11-04,600031.SH,三一重工,18.177940062779975,18.24562388216267,17.84919008292119,18.187609179834645,800374,1493313793.0
2024-11-05,600031.SH,三一重工,18.216616530998657,18.274631233326676,17.89753566819454,18.216616530998657,1011372,1895058523.0
2024-11-06,600031.SH,三一重工,18.24562388216267,18.48735180852942,17.84919008292119,17.92654301935855,1070595,2001754332.0
2024-11-07,600031.SH,三一重工,17.810513614702508,18.216616530998657,17.752498912374485,18.216616530998657,821436,1538376882.0
2024-11-08,600031.SH,三一重工,18.284300350381347,18.40999887209206,17.791175380593167,17.88786655113987,1009751,1879444768.0
2024-11-11,600031.SH,三一重工,17.88786655113987,17.9748886046319,17.50110186895306,17.96521948757723,811580,1490081616.0
2024-11-12,600031.SH,三一重工,17.984557721686574,18.206947413943983,17.568785688335755,17.646138624773116,772939,1429521497.0
2024-11-13,600031.SH,三一重工,17.588123922445096,17.96521948757723,17.588123922445096,17.91687390230388,718481,1324388865.0
2024-11-14,600031.SH,三一重工,17.955550370522563,18.235954765107994,17.752498912374485,17.88786655113987,937737,1751569130.0
2024-11-15,600031.SH,三一重工,17.82985184881185,18.081248892233273,17.607462156554433,17.626800390663774,626980,1153942595.0
2024-11-18,600031.SH,三一重工,17.63646950771844,17.771837146483826,17.143344537930265,17.240035708476963,904453,1636629813.0
2024-11-19,600031.SH,三一重工,17.172351889094276,17.36573423018768,17.036984250328892,17.298050410804986,501315,891083657.0
2024-11-20,600031.SH,三一重工,17.298050410804986,17.327057761968998,17.15301365498493,17.259373942586308,359085,639987711.0
2024-11-21,600031.SH,三一重工,17.211028357312955,17.317388644914328,17.0659916014929,17.15301365498493,340333,603500964.0
2024-11-22,600031.SH,三一重工,17.15301365498493,17.259373942586308,16.698565153415434,16.708234270470108,533958,938006150.0
2024-11-25,600031.SH,三一重工,16.708234270470108,17.114337186766253,16.45683722704868,16.553528397595382,507617,877356457.0
2024-11-26,600031.SH,三一重工,16.59220486581406,16.659888685196755,16.42782987588467,16.485844578212692,324948,555307560.0
2024-11-27,600031.SH,三一重工,16.50518281232203,16.79525632396214,16.408491641775328,16.785587206907465,405572,698028000.0
2024-11-28,600031.SH,三一重工,16.824263675126147,16.872609260399496,16.56319751465005,16.717903387524775,429680,742535709.0
2024-11-29,600031.SH,三一重工,16.756579855743453,17.0659916014929,16.679226919306092,16.901616611563508,590494,1032891239.0
2024-12-02,600031.SH,三一重工,16.98863866505554,16.99830778211021,16.669557802251422,16.766248972798127,805648,1399269390.0
2024-12-03,600031.SH,三一重工,16.775918089852798,16.814594558071477,16.292462237119288,16.52452104643137,949284,1616817450.0
2024-12-04,600031.SH,三一重工,16.46650634410335,16.56319751465005,16.292462237119288,16.350476939447308,503938,855325567.0
2024-12-05,600031.SH,三一重工,16.321469588283296,16.36014605650198,16.128087247189892,16.263454885955277,526990,883675346.0
2024-12-06,600031.SH,三一重工,16.263454885955277,16.43749899293934,16.205440183627257,16.331138705337967,534513,903307951.0
2024-12-09,600031.SH,三一重工,16.340807822392637,16.45683722704868,16.205440183627257,16.302131354173955,482585,813845051.0
2024-12-10,600031.SH,三一重工,16.679226919306092,16.804925441016806,16.331138705337967,16.350476939447308,791973,1354694129.0
2024-12-11,600031.SH,三一重工,16.36014605650198,16.43749899293934,16.292462237119288,16.39882252472066,416884,705875919.0
2024-12-12,600031.SH,三一重工,16.350476939447308,16.476175461158018,16.273124003009944,16.45683722704868,513952,870720299.0
2024-12-13,600031.SH,三一重工,16.42782987588467,16.42782987588467,15.983050491369841,16.01205784253385,796091,1327924422.0
2024-12-16,600031.SH,三一重工,16.02172695958852,16.118418130135225,15.789668150276434,15.838013735549787,498876,822150383.0
2024-12-17,600031.SH,三一重工,15.857351969659126,16.09907989602588,15.809006384385778,15.95404314020583,437311,722322915.0
2024-12-18,600031.SH,三一重工,15.973381374315169,16.16676371540857,15.857351969659126,15.934704906096488,492484,814280884.0
2024-12-19,600031.SH,三一重工,15.818675501440445,15.973381374315169,15.663969628565722,15.944374023151157,353762,580728232.0
2024-12-20,600031.SH,三一重工,15.944374023151157,15.973381374315169,15.567278458019024,15.586616692128363,754343,1221819668.0
2024-12-23,600031.SH,三一重工,15.557609340964351,15.95404314020583,15.547940223909679,15.779999033221767,726565,1189851578.0
2024-12-24,600031.SH,三一重工,15.770329916167094,15.934704906096488,15.731653447948414,15.867021086713798,357518,585466317.0
2024-12-25,600031.SH,三一重工,15.876690203768469,15.934704906096488,15.770329916167094,15.857351969659126,283884,465011365.0
2024-12-26,600031.SH,三一重工,15.818675501440445,16.16676371540857,15.809006384385778,16.147425481299233,594927,988384030.0
2024-12-27,600031.SH,三一重工,16.157094598353904,16.215109300681924,16.03139607664319,16.07974166191654,423689,705756816.0
2024-12-30,600031.SH,三一重工,16.05073431075253,16.186101949517912,16.002388725479182,16.128087247189892,418518,697067423.0
2024-12-31,600031.SH,三一重工,16.10874901308055,16.195771066572583,15.934704906096488,15.934704906096488,515156,857354760.0
2025-01-02,600031.SH,三一重工,15.934704906096488,15.934704906096488,15.170844658777543,15.248197595214904,853894,1368558133.0
2025-01-03,600031.SH,三一重工,15.325550531652265,15.47058728747232,15.035477020012161,15.08382260528551,534034,842151570.0
2025-01-06,600031.SH,三一重工,15.08382260528551,15.190182892886885,14.909778498301447,15.064484371176171,454874,707452833.0
2025-01-07,600031.SH,三一重工,15.074153488230841,15.122499073504192,14.919447615356118,15.00646966884815,393682,611079078.0
2025-01-08,600031.SH,三一重工,15.0548152541215,15.190182892886885,14.755072625426724,15.0548152541215,573355,888892453.0
2025-01-09,600031.SH,三一重工,14.996800551793479,15.045146137066832,14.813087327754745,14.861432913028096,357777,551312715.0
2025-01-10,600031.SH,三一重工,14.909778498301447,15.190182892886885,14.871102030082767,14.929116732410789,467713,727772401.0
2025-01-13,600031.SH,三一重工,14.880771147137438,15.180513775832212,14.726065274262714,14.803418210700077,384318,592609973.0
2025-01-14,600031.SH,三一重工,14.803418210700077,15.325550531652265,14.793749093645406,15.277204946378916,590313,925532190.0
2025-01-15,600031.SH,三一重工,15.277204946378916,15.277204946378916,14.871102030082767,14.890440264192108,543389,843185800.0
2025-01-16,600031.SH,三一重工,14.97746231768414,15.277204946378916,14.929116732410789,15.025807902957489,542228,847230101.0
2025-01-17,600031.SH,三一重工,14.97746231768414,15.025807902957489,14.803418210700077,14.909778498301447,426413,657250287.0
2025-01-20,600031.SH,三一重工,14.98713143473881,15.52860198980034,14.98713143473881,15.393234351034957,963356,1530045633.0
2025-01-21,600031.SH,三一重工,15.51893287274567,15.692976979729734,15.354557882816279,15.673638745620394,629239,1016548149.0
2025-01-22,600031.SH,三一重工,15.673638745620394,15.789668150276434,15.47058728747232,15.567278458019024,479083,772633831.0
2025-01-23,600031.SH,三一重工,15.673638745620394,15.721984330893745,15.48992552158166,15.53827110685501,421624,679202055.0
2025-01-24,600031.SH,三一重工,15.52860198980034,15.750991682057755,15.48025640452699,15.663969628565722,361406,585630964.0
2025-01-27,600031.SH,三一重工,15.750991682057755,15.799337267331106,15.567278458019024,15.567278458019024,302235,488912394.0
2025-02-05,600031.SH,三一重工,15.567278458019024,15.634962277401714,15.257866712269575,15.286874063433586,450017,713063047.0
2025-02-06,600031.SH,三一重工,15.267535829324244,15.344888765761606,15.064484371176171,15.238528478160234,553645,869586766.0
2025-02-07,600031.SH,三一重工,15.257866712269575,16.244116651845935,15.122499073504192,16.195771066572583,1304535,2129487598.0
2025-02-10,600031.SH,三一重工,16.157094598353904,16.485844578212692,16.070072544861873,16.42782987588467,983276,1664804717.0
2025-02-11,600031.SH,三一重工,16.41816075883,16.49551369526736,16.282793120064618,16.321469588283296,492631,833681769.0
2025-02-12,600031.SH,三一重工,16.282793120064618,16.553528397595382,16.205440183627257,16.42782987588467,507705,860584288.0
2025-02-13,600031.SH,三一重工,16.43749899293934,16.630881334032743,16.340807822392637,16.39882252472066,580843,990681003.0
2025-02-14,600031.SH,三一重工,16.42782987588467,16.901616611563508,16.41816075883,16.88227837745417,1061951,1842907122.0
2025-02-17,600031.SH,三一重工,16.872609260399496,16.94029307978219,16.56319751465005,16.785587206907465,705109,1219254121.0
2025-02-18,600031.SH,三一重工,16.746910738688786,16.88227837745417,16.36981517355665,16.476175461158018,703328,1209116571.0
2025-02-19,600031.SH,三一重工,16.50518281232203,16.98863866505554,16.476175461158018,16.872609260399496,857545,1495324780.0
2025-02-20,600031.SH,三一重工,16.901616611563508,17.114337186766253,16.717903387524775,17.0659916014929,793702,1391269821.0
2025-02-21,600031.SH,三一重工,17.01764601621955,17.172351889094276,16.669557802251422,17.094998952656912,979195,1715682115.0
2025-02-24,600031.SH,三一重工,17.114337186766253,17.356065113133006,17.0659916014929,17.249704825531637,695859,1239761456.0
2025-02-25,600031.SH,三一重工,17.133675420875594,17.57845480539042,17.02731513327422,17.307719527859657,805857,1447158243.0
2025-02-26,600031.SH,三一重工,17.288381293750316,17.57845480539042,17.143344537930265,17.201359240258284,661486,1186667988.0
2025-02-27,600031.SH,三一重工,17.172351889094276,17.530109220117073,17.124006303820924,17.4237489325157,814638,1463890156.0
2025-02-28,600031.SH,三一重工,17.33672687902367,17.88786655113987,17.317388644914328,17.597793039499763,1371674,2514994108.0
2025-03-03,600031.SH,三一重工,17.646138624773116,18.738748851950845,17.646138624773116,18.177940062779975,1514307,2880689116.0
2025-03-04,600031.SH,三一重工,18.081248892233273,18.32297681860003,17.90720478524921,18.216616530998657,695433,1306371554.0
2025-03-05,600031.SH,三一重工,18.80643267133354,19.338234109340398,18.738748851950845,19.02882236359095,2198570,4353081527.0
2025-03-06,600031.SH,三一重工,18.80643267133354,19.106175300028315,18.564704744966782,19.009484129481613,1336009,2606592050.0
2025-03-07,600031.SH,三一重工,18.990145895372272,19.29955764112172,18.767756203114857,19.202866470575017,939235,1860063480.0
2025-03-10,600031.SH,三一重工,19.531616450433802,19.87003554734726,19.338234109340398,19.792682610909896,2106417,4285481925.0
2025-03-11,600031.SH,三一重工,19.599300269816496,20.063417888440664,19.560623801597814,19.86036643029259,1278629,2622766483.0
2025-03-12,600031.SH,三一重工,19.821689962073908,20.044079654331323,19.48327086516045,19.492939982215123,1069073,2169686857.0
2025-03-13,600031.SH,三一重工,19.38657969461375,19.51227821632446,19.193197353520347,19.37691057755908,925549,1850235713.0
2025-03-14,600031.SH,三一重工,19.37691057755908,19.89904289851127,19.37691057755908,19.812020845019237,1210653,2473326496.0
2025-03-17,600031.SH,三一重工,19.80235172796457,19.90871201556594,19.521947333379135,19.754006142691217,1092036,2231435756.0
2025-03-18,600031.SH,三一重工,19.80235172796457,19.80235172796457,19.08683706591897,19.26088117290304,1121807,2237241576.0
2025-03-19,600031.SH,三一重工,19.096506182973645,19.42525616283243,19.077167948864304,19.338234109340398,656804,1312403023.0
2025-03-20,600031.SH,三一重工,19.628307620980507,19.87003554734726,19.144851768246994,19.193197353520347,796322,1594441044.0
2025-03-21,600031.SH,三一重工,19.193197353520347,19.28988852406705,18.89345472482557,18.94180031009892,541887,1066483293.0
2025-03-24,600031.SH,三一重工,19.048160597700292,19.473601748105782,18.980476778317602,19.29955764112172,617321,1228750574.0
2025-03-25,600031.SH,三一重工,19.338234109340398,19.396248811668418,18.8837856077709,18.912792958934908,545098,1075685161.0
2025-03-26,600031.SH,三一重工,18.951469427153594,18.99981501242694,18.41966798914673,18.651726798458814,751219,1449622215.0
2025-03-27,600031.SH,三一重工,18.564704744966782,18.690403266677492,18.468013574420084,18.613050330240135,317039,609473213.0
2025-03-28,600031.SH,三一重工,18.642057681404147,18.83544002249755,18.47768269147475,18.613050330240135,432752,831958066.0
2025-03-31,600031.SH,三一重工,18.593712096130794,18.642057681404147,18.303638584490688,18.439006223256072,404810,772189438.0
2025-04-01,600031.SH,三一重工,18.51635915969343,18.564704744966782,18.206947413943983,18.303638584490688,372331,706317072.0
2025-04-02,600031.SH,三一重工,18.264962116272006,18.79676355427887,18.255292999217335,18.719410617841504,535948,1034269275.0
2025-04-03,600031.SH,三一重工,18.564704744966782,18.680734149622825,18.264962116272006,18.468013574420084,411314,786068079.0
2025-04-07,600031.SH,三一重工,17.54944745422641,17.839520965866516,16.91128572861818,17.40441069840636,1211638,2174458522.0
2025-04-08,600031.SH,三一重工,17.597793039499763,17.93621213641322,17.211028357312955,17.93621213641322,1231863,2249528296.0
2025-04-09,600031.SH,三一重工,17.781506263538496,18.48735180852942,17.54944745422641,18.48735180852942,1088675,2037459402.0
2025-04-10,600031.SH,三一重工,18.758087086060186,18.767756203114857,18.177940062779975,18.468013574420084,801015,1526645635.0
2025-04-11,600031.SH,三一重工,18.284300350381347,18.74841796900552,18.284300350381347,18.671065032568155,482424,926743118.0
2025-04-14,600031.SH,三一重工,18.671065032568155,18.74841796900552,18.187609179834645,18.264962116272006,659576,1254313921.0
2025-04-15,600031.SH,三一重工,18.264962116272006,18.35198416976404,17.88786655113987,18.3326459356547,498660,934753520.0
2025-04-16,600031.SH,三一重工,18.32297681860003,18.468013574420084,17.82018273175718,18.468013574420084,596409,1118508240.0
2025-04-17,600031.SH,三一重工,18.32297681860003,18.526028276748104,18.206947413943983,18.429337106201398,433571,823346740.0
2025-04-18,600031.SH,三一重工,18.41966798914673,18.593712096130794,18.177940062779975,18.555035627912115,364504,694159637.0
2025-04-21,600031.SH,三一重工,18.44867534031074,18.758087086060186,18.284300350381347,18.593712096130794,381040,731202525.0
2025-04-22,600031.SH,三一重工,18.593712096130794,18.593712096130794,18.31330770154536,18.32297681860003,330581,628462385.0
2025-04-23,600031.SH,三一重工,18.380991520928053,18.990145895372272,18.35198416976404,18.758087086060186,719920,1395551262.0
2025-04-24,600031.SH,三一重工,18.77742532016953,18.99981501242694,18.40032975503739,18.41966798914673,428222,825620533.0
2025-04-25,600031.SH,三一重工,18.564704744966782,18.60338121318546,18.3326459356547,18.45834445736541,294041,560318175.0
2025-04-28,600031.SH,三一重工,18.45834445736541,18.738748851950845,18.37132240387338,18.41966798914673,290181,556163009.0
2025-04-29,600031.SH,三一重工,18.3326459356547,18.613050330240135,18.3326459356547,18.555035627912115,344705,659630045.0
2025-04-30,600031.SH,三一重工,18.83544002249755,18.912792958934908,18.255292999217335,18.264962116272006,704212,1347148464.0
2025-05-06,600031.SH,三一重工,18.54536651085744,19.096506182973645,18.439006223256072,19.02882236359095,797109,1558058474.0
2025-05-07,600031.SH,三一重工,19.434925279887103,19.434925279887103,18.864447373661562,19.038491480645625,524204,1032592015.0
2025-05-08,600031.SH,三一重工,18.922462075989582,18.922462075989582,18.709741500786837,18.767756203114857,416313,808769321.0
2025-05-09,600031.SH,三一重工,18.767756203114857,19.144851768246994,18.729079734896178,19.067498831809633,520687,1022788072.0
2025-05-12,600031.SH,三一重工,19.125513534137657,19.492939982215123,19.048160597700292,19.338234109340398,612425,1224229827.0
2025-05-13,600031.SH,三一重工,19.42525616283243,19.521947333379135,19.154520885301665,19.26088117290304,442906,882733307.0
2025-05-14,600031.SH,三一重工,19.212535587629688,19.212535587629688,18.690403266677492,18.93213119304425,703919,1375618539.0
2025-05-15,600031.SH,三一重工,18.8837856077709,18.951469427153594,18.51635915969343,18.564704744966782,579660,1118377691.0
2025-05-16,600031.SH,三一重工,18.564704744966782,18.758087086060186,18.48735180852942,18.661395915513484,307283,590788139.0
2025-05-19,600031.SH,三一重工,18.661395915513484,18.77742532016953,18.468013574420084,18.54536651085744,380043,732445467.0
2025-05-20,600031.SH,三一重工,18.555035627912115,18.613050330240135,18.226285648053327,18.35198416976404,580140,1101282723.0
2025-05-21,600031.SH,三一重工,18.35198416976404,18.468013574420084,18.303638584490688,18.380991520928053,352177,670117663.0
2025-05-22,600031.SH,三一重工,18.380991520928053,18.593712096130794,18.31330770154536,18.439006223256072,357666,683478339.0
2025-05-23,600031.SH,三一重工,18.497020925584092,18.661395915513484,18.235954765107994,18.284300350381347,453619,863572501.0
2025-05-26,600031.SH,三一重工,18.216616530998657,18.255292999217335,17.88786655113987,18.042572424014594,491583,915567328.0
2025-05-27,600031.SH,三一重工,18.042572424014594,18.081248892233273,17.800844497647837,17.800844497647837,290436,537941941.0
2025-05-28,600031.SH,三一重工,17.858859199975857,18.013565072850582,17.82985184881185,17.88786655113987,241774,447820486.0
2025-05-29,600031.SH,三一重工,17.92654301935855,18.293969467436018,17.89753566819454,18.129594477506625,394994,741276872.0
2025-05-30,600031.SH,三一重工,18.139263594561296,18.255292999217335,17.955550370522563,18.206947413943983,321982,604138325.0
2025-06-03,600031.SH,三一重工,18.497020925584092,18.497020925584092,17.733160678265147,17.810513614702508,678244,1252178384.0
2025-06-04,600031.SH,三一重工,17.839520965866516,17.839520965866516,17.607462156554433,17.694484210046465,455616,833198052.0
2025-06-05,600031.SH,三一重工,17.694484210046465,17.733160678265147,17.530109220117073,17.646138624773116,397261,724008178.0
2025-06-06,600031.SH,三一重工,17.694484210046465,17.984557721686574,17.646138624773116,17.858859199975857,411019,760254551.0
2025-06-09,600031.SH,三一重工,17.781506263538496,17.93621213641322,17.694484210046465,17.713822444155806,493318,907261016.0
2025-06-10,600031.SH,三一重工,17.742829795319818,17.90720478524921,17.50110186895306,17.57845480539042,347947,635331653.0
2025-06-11,600031.SH,三一重工,17.736285698220748,17.80533686612261,17.57845445730221,17.66723453031889,329088,591374720.0
2025-06-12,600031.SH,三一重工,17.657370077761477,17.696827887991116,17.479809931728123,17.558725552187394,261777,466753354.0
2025-06-13,600031.SH,三一重工,17.529132194515167,17.627776720089255,17.42062321638367,17.548861099629985,332721,590775706.0
2025-06-16,600031.SH,三一重工,17.529132194515167,17.657370077761477,17.460081026613306,17.5685900047448,339137,603938878.0
2025-06-17,600031.SH,三一重工,17.647505625204072,17.923710296811514,17.63764117264666,17.78560796100779,462329,834199896.0
2025-06-18,600031.SH,三一重工,17.765879055892977,17.854659128909653,17.51926774195776,17.538996647072576,358980,641468707.0
2025-06-19,600031.SH,三一重工,17.548861099629985,17.5685900047448,17.14441854477623,17.203605260120682,469444,822521739.0
2025-06-20,600031.SH,三一重工,17.203605260120682,17.3417075959244,17.085231829431777,17.252927522907722,222383,388409768.0
2025-06-23,600031.SH,三一重工,17.164147449891047,17.460081026613306,17.085231829431777,17.42062321638367,302223,530607726.0
2025-06-24,600031.SH,三一重工,17.4502165740559,17.815201318680018,17.44035212149849,17.756014603335565,474206,851657694.0
2025-06-25,600031.SH,三一重工,17.80533686612261,17.825065771237426,17.617912267531846,17.765879055892977,432866,777803023.0
2025-06-26,600031.SH,三一重工,17.756014603335565,17.88425248658188,17.627776720089255,17.66723453031889,397516,713448262.0
2025-06-27,600031.SH,三一重工,17.588318909859616,17.844794676352244,17.538996647072576,17.686963435433704,341347,612543948.0
2025-06-30,600031.SH,三一重工,17.686963435433704,17.775743508450383,17.63764117264666,17.70669234054852,263716,473244076.0
2025-07-01,600031.SH,三一重工,17.70669234054852,17.716556793105934,17.400894311268853,17.489674384285532,433346,768740996.0
2025-07-02,600031.SH,三一重工,17.558725552187394,18.140728253074503,17.489674384285532,17.953303654483737,722439,1310444888.0
2025-07-03,600031.SH,三一重工,17.953303654483737,17.96316810704115,17.825065771237426,17.913845844254105,300096,544368270.0
2025-07-04,600031.SH,三一重工,17.913845844254105,18.051948180057828,17.80533686612261,17.982897012155966,334471,609161924.0
2025-07-07,600031.SH,三一重工,18.002625917270784,18.130863800517094,17.854659128909653,18.10127044284487,339773,621278651.0
2025-07-08,600031.SH,三一重工,18.15059270563191,18.8213754795357,18.111134895402277,18.81151102697829,1054008,1993706646.0
2025-07-09,600031.SH,三一重工,18.73259540651902,18.949613362782014,18.633950880944937,18.850968837207926,661952,1264486865.0
2025-07-10,600031.SH,三一重工,18.860833289765335,19.008800078126463,18.663544238617163,18.663544238617163,636372,1212124453.0
2025-07-11,600031.SH,三一重工,18.73259540651902,18.841104384650517,18.57476416560048,18.57476416560048,484332,917451279.0
2025-07-14,600031.SH,三一重工,18.57476416560048,18.693137596289386,18.44652628235417,18.485984092583806,360943,679524719.0
2025-07-15,600031.SH,三一重工,18.485984092583806,18.693137596289386,18.476119640026397,18.643815333502342,432029,814099921.0
2025-07-16,600031.SH,三一重工,18.57476416560048,18.633950880944937,18.37747511445231,18.45639073491158,327156,611643642.0
2025-07-17,600031.SH,三一重工,18.436661829796765,18.68327314373198,18.407068472124536,18.584628618157893,321020,605034590.0
2025-07-18,600031.SH,三一重工,18.624086428387525,18.81151102697829,18.45639073491158,18.752324311633842,416451,787752266.0
2025-07-21,600031.SH,三一重工,19.432971538095035,19.531616063669123,18.979206720454236,19.25541139206168,1237333,2410080135.0
2025-07-22,600031.SH,三一重工,19.728905114817294,21.178979640756367,19.728905114817294,20.93236832682115,3974294,8198561147.0
2025-07-23,600031.SH,三一重工,21.109928472854506,21.109928472854506,19.748634019932112,19.817685187833973,2676347,5461895063.0
2025-07-24,600031.SH,三一重工,19.541480516226528,20.20239883757291,19.413242632980218,20.0741609543266,1678671,3378314264.0
2025-07-25,600031.SH,三一重工,20.00510978642474,20.00510978642474,19.531616063669123,19.659853946915433,1104482,2200995010.0
2025-07-28,600031.SH,三一重工,19.590802779013575,19.719040662259886,19.42310708553763,19.699311757145068,889361,1764555699.0
2025-07-29,600031.SH,三一重工,19.67958285203025,20.04456759665437,19.531616063669123,19.926194165965466,945331,1904961848.0
2025-07-30,600031.SH,三一重工,19.886736355735835,20.162941027343276,19.788091830161747,19.93605861852288,774550,1567977056.0
2025-07-31,600031.SH,三一重工,19.926194165965466,20.05443204921178,19.580938326456167,19.669718399472846,763117,1531128773.0
2025-08-01,600031.SH,三一重工,19.580938326456167,19.709176209702477,19.432971538095035,19.511887158554305,458852,909541394.0
2025-08-04,600031.SH,三一重工,19.502022705996897,19.630260589243207,19.344191465078357,19.42310708553763,445473,878332808.0
2025-08-05,600031.SH,三一重工,19.413242632980218,19.47242934832467,19.294869202291313,19.373784822750586,522180,1026031688.0
2025-08-06,600031.SH,三一重工,19.442835990652444,19.77822737760434,19.373784822750586,19.748634019932112,644223,1283837340.0
2025-08-07,600031.SH,三一重工,19.748634019932112,20.22212774268773,19.541480516226528,20.093889859441415,1048649,2119222956.0
2025-08-08,600031.SH,三一重工,20.12348321711364,20.971826137050787,20.12348321711364,20.754808180787794,1659938,3488219022.0
2025-08-11,600031.SH,三一重工,20.74494372823039,20.823859348689655,20.61670584498407,20.71535037055816,686486,1441087350.0
2025-08-12,600031.SH,三一重工,20.70548591800075,20.74494372823039,20.527925771967396,20.557519129639623,482116,1007268264.0
2025-08-13,600031.SH,三一重工,20.557519129639623,20.72521482311557,20.478603509180353,20.54765467708221,652742,1360311788.0
2025-08-14,600031.SH,三一重工,20.54765467708221,20.961961684493378,20.42928124639331,20.61670584498407,697077,1466793275.0
2025-08-15,600031.SH,三一重工,20.537790224524805,20.971826137050787,20.379958983606265,20.71535037055816,725017,1528585830.0
2025-08-18,600031.SH,三一重工,20.79426599101743,20.813994896132247,20.4194167938359,20.4194167938359,943391,1966787478.0
2025-08-19,600031.SH,三一重工,20.439145698950718,20.70548591800075,19.876871903178422,19.945923071080284,948609,1939605361.0
2025-08-20,600031.SH,三一重工,20.00510978642474,20.56738358219703,19.926194165965466,20.56738358219703,780095,1601652893.0
2025-08-21,600031.SH,三一重工,20.70548591800075,20.85345270636188,20.518061319409988,20.71535037055816,653995,1370773485.0
2025-08-22,600031.SH,三一重工,21.109928472854506,21.336810881674904,20.922503874263743,21.011283947280422,965285,2063955613.0
2025-08-25,600031.SH,三一重工,21.031012852395236,21.336810881674904,20.93236832682115,21.336810881674904,962677,2062958925.0
2025-08-26,600031.SH,三一重工,21.336810881674904,21.415726502134174,21.109928472854506,21.248030808658225,583416,1259057145.0
2025-08-27,600031.SH,三一重工,21.208572998428593,21.701795626299024,21.011283947280422,21.011283947280422,908664,1967087626.0
2025-08-28,600031.SH,三一重工,20.94223277937856,21.188844093313776,20.596976939869254,20.94223277937856,805163,1708949807.0
2025-08-29,600031.SH,三一重工,21.15925073564155,21.3269464291175,20.72521482311557,20.74494372823039,993787,2107944349.0
2025-09-01,600031.SH,三一重工,20.912639421706334,21.188844093313776,20.61670584498407,20.8731816114767,993754,2100912951.0
2025-09-02,600031.SH,三一重工,20.892910516591517,21.031012852395236,20.42928124639331,20.666028107771115,654639,1372047821.0
2025-09-03,600031.SH,三一重工,20.685757012885933,21.09019956773969,20.251721100359955,20.518061319409988,578501,1206290331.0
2025-09-04,600031.SH,三一重工,20.379958983606265,20.4194167938359,19.728905114817294,19.995245333867327,874029,1773667965.0
2025-09-05,600031.SH,三一重工,20.034703144096962,20.56738358219703,19.93605861852288,20.389823436163677,644125,1330103072.0
2025-09-08,600031.SH,三一重工,20.399687888721083,20.71535037055816,20.13334766967105,20.636434750098893,763068,1582980112.0
2025-09-09,600031.SH,三一重工,20.596976939869254,21.15925073564155,20.48846796173776,20.991555042165604,852322,1813252457.0
2025-09-10,600031.SH,三一重工,21.07047066262487,21.100064020297097,20.77453708590261,20.863317158919287,397835,842063304.0
2025-09-11,600031.SH,三一重工,20.77453708590261,20.922503874263743,20.58711248731185,20.922503874263743,508088,1069267937.0
2025-09-12,600031.SH,三一重工,21.040877304952645,21.14938628308414,20.77453708590261,20.833723801247064,599221,1275259456.0
2025-09-15,600031.SH,三一重工,20.843588253804473,20.922503874263743,20.271450005474772,20.379958983606265,703656,1466813138.0
2025-09-16,600031.SH,三一重工,20.4194167938359,20.557519129639623,20.231992195245137,20.370094531048856,369600,763653770.0
2025-09-17,600031.SH,三一重工,20.281314458032178,20.78440153846002,20.251721100359955,20.685757012885933,515530,1076089736.0
2025-09-18,600031.SH,三一重工,20.74494372823039,20.883046064034108,20.379958983606265,20.50819686685258,575689,1206698608.0
2025-09-19,600031.SH,三一重工,20.468739056622944,21.642608910954575,20.439145698950718,21.59328664816753,1450108,3141875455.0
2025-09-22,600031.SH,三一重工,21.603151100724936,21.622880005839757,21.07047066262487,21.28748861888786,646689,1393441444.0
2025-09-23,600031.SH,三一重工,21.405862049576765,21.484777670036035,20.912639421706334,21.336810881674904,515735,1105522086.0
2025-09-24,600031.SH,三一重工,21.257895261215637,22.04705146580833,21.109928472854506,21.948406940234243,967411,2133280111.0
2025-09-25,600031.SH,三一重工,21.948406940234243,22.135831538825006,21.642608910954575,21.84976241466015,575381,1273607034.0
2025-09-26,600031.SH,三一重工,21.701795626299024,22.313391684858363,21.662337816069392,21.97800029790647,693028,1552203722.0
2025-09-29,600031.SH,三一重工,22.04705146580833,22.71783423971212,21.701795626299024,22.658647524367662,1109941,2521350413.0
2025-09-30,600031.SH,三一重工,22.668511976925075,23.161734604795505,22.490951830891717,22.924987743417695,827763,1914588064.0
2025-10-09,600031.SH,三一重工,22.6981053345973,22.97431000620474,22.195018254169458,22.924987743417695,909112,2083585421.0
2025-10-10,600031.SH,三一重工,22.865801028073246,23.33929475082886,22.569867451350984,22.648783071810257,822671,1911017390.0
2025-10-13,600031.SH,三一重工,21.701795626299024,22.668511976925075,21.58342219561012,22.56000299879358,723516,1631506048.0
2025-10-14,600031.SH,三一重工,22.68824088203989,23.724008400567797,22.54027409367876,22.727698692269524,1040052,2426088839.0
2025-10-15,600031.SH,三一重工,22.8,23.76,22.73,23.46,885932,2067033473.0
2025-10-16,600031.SH,三一重工,23.47,23.97,23.28,23.57,787069,1863752404.0
2025-10-17,600031.SH,三一重工,23.45,23.45,22.43,22.5,759273,1731924431.0
2025-10-20,600031.SH,三一重工,22.82,23.07,22.38,22.49,589946,1335934334.0
2025-10-21,600031.SH,三一重工,22.59,22.95,22.43,22.83,584955,1330738523.0
2025-10-22,600031.SH,三一重工,22.98,23.37,22.79,23.02,715264,1649581863.0
2025-10-23,600031.SH,三一重工,22.8,22.83,22.25,22.68,663292,1491133841.0
2025-10-24,600031.SH,三一重工,22.73,23.28,22.66,22.91,483274,1110582848.0
2025-10-27,600031.SH,三一重工,22.94,23.47,22.37,22.53,1027526,2345231316.0
2025-10-28,600031.SH,三一重工,22.5,22.6,21.87,21.95,1315460,2904891556.0
2025-10-29,600031.SH,三一重工,21.95,22.18,21.9,22.12,519559,1144951991.0
2025-10-30,600031.SH,三一重工,22.28,22.8,22.24,22.51,932833,2106141612.0
2025-10-31,600031.SH,三一重工,22.56,22.64,22.14,22.14,712947,1592066010.0
2025-11-03,600031.SH,三一重工,22.18,22.36,21.72,21.88,518531,1136319147.0
2025-11-04,600031.SH,三一重工,21.8,22.18,21.58,21.71,515388,1126599709.0
2025-11-05,600031.SH,三一重工,21.61,21.93,21.31,21.82,486045,1049851764.0
2025-11-06,600031.SH,三一重工,21.94,22.18,21.72,21.99,478563,1053084951.0
2025-11-07,600031.SH,三一重工,22.02,22.33,21.81,22.13,539448,1192491322.0
2025-11-10,600031.SH,三一重工,22.0,22.0,20.85,21.13,1316993,2790086702.0
2025-11-11,600031.SH,三一重工,21.15,21.42,20.88,20.91,562580,1181753269.0
2025-11-12,600031.SH,三一重工,20.91,20.95,20.61,20.65,441022,914681019.0
2025-11-13,600031.SH,三一重工,20.66,20.93,20.53,20.89,469009,974820593.0
2025-11-14,600031.SH,三一重工,20.88,21.05,20.65,20.66,410212,854378967.0
2025-11-17,600031.SH,三一重工,20.64,20.64,20.36,20.57,435497,892787966.0
2025-11-18,600031.SH,三一重工,20.57,21.28,20.54,20.86,760735,1593791719.0
2025-11-19,600031.SH,三一重工,21.0,21.03,20.66,20.77,361003,752251035.0
2025-11-20,600031.SH,三一重工,20.8,21.12,20.8,20.86,376581,789125133.0
2025-11-21,600031.SH,三一重工,20.61,20.7,20.2,20.26,548195,1120543519.0
2025-11-24,600031.SH,三一重工,20.53,20.66,20.21,20.51,383776,785169816.0
2025-11-25,600031.SH,三一重工,20.57,20.62,20.38,20.44,420173,860487539.0
2025-11-26,600031.SH,三一重工,20.4,21.04,20.4,20.88,615896,1287294287.0
2025-11-27,600031.SH,三一重工,20.8,20.83,20.1,20.13,767004,1559622909.0
2025-11-28,600031.SH,三一重工,20.06,20.36,19.95,20.32,422426,854876753.0
2025-12-01,600031.SH,三一重工,20.38,20.38,19.96,20.12,663262,1329941051.0
2025-12-02,600031.SH,三一重工,20.11,20.26,19.99,20.16,507928,1022891993.0
2025-12-03,600031.SH,三一重工,20.23,20.64,20.1,20.4,633431,1292190733.0
2025-12-04,600031.SH,三一重工,20.41,20.99,20.34,20.97,837912,1740963773.0
2025-12-05,600031.SH,三一重工,20.94,21.35,20.9,21.3,819260,1735578568.0
2025-12-08,600031.SH,三一重工,21.43,21.63,21.03,21.23,652898,1387091453.0
2025-12-09,600031.SH,三一重工,21.15,21.43,21.04,21.18,414681,880482630.0
2025-12-10,600031.SH,三一重工,21.17,21.55,21.03,21.47,516531,1101970963.0
2025-12-11,600031.SH,三一重工,21.45,21.61,21.03,21.09,501440,1065449732.0
2025-12-12,600031.SH,三一重工,21.19,21.39,21.09,21.32,533302,1133708872.0
2025-12-15,600031.SH,三一重工,21.31,21.57,21.06,21.07,446771,953351180.0
2025-12-16,600031.SH,三一重工,21.04,21.04,20.62,20.76,420097,871662049.0
2025-12-17,600031.SH,三一重工,20.79,21.19,20.63,21.07,482588,1009487661.0
2025-12-18,600031.SH,三一重工,20.9,21.18,20.7,21.0,388530,814278686.0
2025-12-19,600031.SH,三一重工,20.99,21.5,20.95,21.24,522373,1112538570.0
2025-12-22,600031.SH,三一重工,21.3,21.38,20.86,20.89,580600,1217614338.0
2025-12-23,600031.SH,三一重工,20.85,20.93,20.44,20.68,520129,1073099529.0
2025-12-24,600031.SH,三一重工,20.69,20.9,20.56,20.8,316322,656559450.0
2025-12-25,600031.SH,三一重工,20.8,20.86,20.62,20.67,325381,673161074.0
2025-12-26,600031.SH,三一重工,20.63,21.28,20.6,21.17,715799,1510717076.0
2025-12-29,600031.SH,三一重工,21.18,21.2,20.65,20.72,650953,1359665248.0
2025-12-30,600031.SH,三一重工,20.67,21.35,20.67,21.04,750355,1579009501.0
2025-12-31,600031.SH,三一重工,21.11,21.25,20.93,21.13,403597,852648571.0
2026-01-05,600031.SH,三一重工,21.11,21.35,21.01,21.26,775391,1644294320.0
2026-01-06,600031.SH,三一重工,21.25,22.0,21.21,21.88,877272,1908331973.0
2026-01-07,600031.SH,三一重工,21.88,21.95,21.62,21.73,585280,1271827413.0
2026-01-08,600031.SH,三一重工,21.72,21.83,21.31,21.43,517762,1112300811.0
2026-01-09,600031.SH,三一重工,21.57,22.38,21.57,22.28,1104155,2443638447.0
2026-01-12,600031.SH,三一重工,22.32,22.7,22.06,22.56,934560,2101257522.0
2026-01-13,600031.SH,三一重工,22.7,22.95,22.28,22.62,934790,2109570509.0
2026-01-14,600031.SH,三一重工,22.62,22.79,22.02,22.24,932308,2085127430.0
2026-01-15,600031.SH,三一重工,22.15,22.44,22.05,22.25,570392,1270363794.0
2026-01-16,600031.SH,三一重工,22.19,22.54,22.01,22.11,684874,1522528862.0
2026-01-19,600031.SH,三一重工,21.98,22.27,21.89,22.1,716854,1580368404.0
2026-01-20,600031.SH,三一重工,22.2,22.63,22.13,22.55,1004541,2252050655.0
2026-01-21,600031.SH,三一重工,22.53,22.82,22.41,22.58,798546,1803543539.0
2026-01-22,600031.SH,三一重工,22.61,22.69,22.35,22.61,642589,1449180248.0
2026-01-23,600031.SH,三一重工,22.71,23.23,22.62,22.98,993901,2289537684.0
2026-01-26,600031.SH,三一重工,23.03,23.42,22.8,23.05,992022,2292568807.0
2026-01-27,600031.SH,三一重工,23.04,23.32,22.68,22.83,766377,1762462323.0
2026-01-28,600031.SH,三一重工,22.78,22.78,22.18,22.25,1092572,2446751982.0
2026-01-29,600031.SH,三一重工,22.45,22.45,21.75,22.12,957326,2106219723.0
2026-01-30,600031.SH,三一重工,22.08,22.26,21.71,21.92,622327,1366315676.0
2026-02-02,600031.SH,三一重工,22.03,22.04,21.3,21.38,615282,1331593052.0
2026-02-03,600031.SH,三一重工,21.45,23.11,21.44,23.08,1312057,2942325164.0
2026-02-04,600031.SH,三一重工,22.91,23.3,22.8,23.26,859733,1988180784.0
2026-02-05,600031.SH,三一重工,23.25,23.4,23.02,23.27,682883,1586163932.0
2026-02-06,600031.SH,三一重工,23.05,23.29,22.89,22.98,477210,1102389059.0
2026-02-09,600031.SH,三一重工,23.38,23.91,23.26,23.58,725567,1714567148.0
2026-02-10,600031.SH,三一重工,23.68,23.86,23.34,23.78,603072,1428750527.0
2026-02-11,600031.SH,三一重工,23.84,24.26,23.7,23.92,680065,1629492376.0
2026-02-12,600031.SH,三一重工,23.99,24.08,23.69,23.96,476175,1137666209.0
2026-02-13,600031.SH,三一重工,23.76,23.86,23.07,23.12,591021,1376226093.0
2026-02-24,600031.SH,三一重工,23.32,24.21,23.02,23.95,805323,1919667431.0
2026-02-25,600031.SH,三一重工,23.95,24.29,23.88,23.98,626306,1508227285.0
2026-02-26,600031.SH,三一重工,23.96,23.99,23.25,23.35,557226,1308619535.0
2026-02-27,600031.SH,三一重工,23.44,23.59,23.03,23.15,532365,1236986757.0
2026-03-02,600031.SH,三一重工,23.0,23.37,22.77,22.97,547966,1263504968.0
2026-03-03,600031.SH,三一重工,23.13,23.26,22.0,22.19,871915,1951778518.0
2026-03-04,600031.SH,三一重工,22.0,22.32,21.77,22.01,510118,1120708562.0
2026-03-05,600031.SH,三一重工,22.26,22.73,21.96,22.08,649321,1446539791.0
2026-03-06,600031.SH,三一重工,22.12,22.2,21.81,22.03,659719,1450350073.0
2026-03-09,600031.SH,三一重工,21.67,21.68,20.83,21.27,888106,1881735762.0
2026-03-10,600031.SH,三一重工,21.65,22.26,21.58,22.06,769124,1687923112.0
2026-03-11,600031.SH,三一重工,22.3,22.34,21.74,22.25,637708,1408130701.0
2026-03-12,600031.SH,三一重工,22.1,22.14,21.11,21.51,1037123,2227862690.0
2026-03-13,600031.SH,三一重工,21.39,21.69,21.27,21.29,568707,1222612282.0
2026-03-16,600031.SH,三一重工,21.27,21.29,20.73,20.85,718457,1499489788.0
2026-03-17,600031.SH,三一重工,20.99,21.22,20.76,20.76,551206,1154245342.0
2026-03-18,600031.SH,三一重工,20.82,20.86,20.27,20.7,638750,1309547984.0
2026-03-19,600031.SH,三一重工,20.44,20.46,19.64,19.76,1036471,2066894389.0
2026-03-20,600031.SH,三一重工,19.86,19.91,19.43,19.43,622433,1224062510.0
2026-03-23,600031.SH,三一重工,19.02,19.21,18.45,18.65,1009949,1898184140.0
2026-03-24,600031.SH,三一重工,18.8,19.2,18.72,19.13,699909,1327036640.0
2026-03-25,600031.SH,三一重工,19.5,19.86,19.43,19.73,711149,1402196370.0
2026-03-26,600031.SH,三一重工,19.7,19.74,19.17,19.26,418748,811711754.0
2026-03-27,600031.SH,三一重工,19.03,19.29,18.97,19.16,553015,1058531771.0
2026-03-30,600031.SH,三一重工,18.81,19.0,18.61,18.87,650713,1223161848.0
2026-03-31,600031.SH,三一重工,19.0,19.8,18.96,19.22,1229970,2389497732.0
2026-04-01,600031.SH,三一重工,19.81,20.33,19.69,20.3,1304141,2619102533.0
2026-04-02,600031.SH,三一重工,20.12,20.38,19.85,20.07,686695,1378866735.0
2026-04-03,600031.SH,三一重工,20.07,20.34,19.83,19.88,497320,996047456.0
2026-04-07,600031.SH,三一重工,19.92,20.02,19.45,19.52,579245,1133270644.0
2026-04-08,600031.SH,三一重工,20.2,20.94,20.2,20.86,1190927,2470450001.0
2026-04-09,600031.SH,三一重工,20.7,20.85,20.57,20.66,540802,1119629754.0
2026-04-10,600031.SH,三一重工,20.91,20.99,20.64,20.66,539004,1119562734.0
2026-04-13,600031.SH,三一重工,20.55,20.73,20.32,20.36,616293,1260231972.0
2026-04-14,600031.SH,三一重工,20.58,20.95,20.58,20.86,716221,1489038915.0
2026-04-15,600031.SH,三一重工,20.96,21.14,20.64,20.66,618820,1290242349.0
2026-04-16,600031.SH,三一重工,20.72,20.96,20.21,20.39,821411,1681022008.0
2026-04-17,600031.SH,三一重工,20.47,20.47,19.92,20.16,684374,1375755108.0
2026-04-20,600031.SH,三一重工,20.08,20.12,19.71,19.92,712122,1412403374.0
2026-04-21,600031.SH,三一重工,19.99,20.12,19.81,19.93,586770,1171701385.0
2026-04-22,600031.SH,三一重工,19.94,20.03,19.61,19.78,707756,1400654427.0
2026-04-23,600031.SH,三一重工,19.72,19.86,19.52,19.6,549816,1080003210.0
2026-04-24,600031.SH,三一重工,19.5,19.66,19.31,19.52,458868,894893478.0
2026-04-27,600031.SH,三一重工,19.59,19.64,19.4,19.5,471768,920835108.0
2026-04-28,600031.SH,三一重工,19.55,20.39,19.49,20.14,1320249,2650422134.0
2026-04-29,600031.SH,三一重工,20.07,20.5,20.07,20.5,992099,2014592662.0
2026-04-30,600031.SH,三一重工,20.07,20.78,19.98,20.35,1222164,2499534461.0
2026-05-06,600031.SH,三一重工,20.6,21.05,20.31,20.91,1494789,3092040004.0
2026-05-07,600031.SH,三一重工,21.02,21.1,20.73,20.98,1015329,2126641850.0
2026-05-08,600031.SH,三一重工,20.9,20.9,20.31,20.53,1072760,2196428057.0
2026-05-11,600031.SH,三一重工,21.4,22.48,21.4,21.84,2357329,5168611445.0
2026-05-12,600031.SH,三一重工,21.69,21.79,21.25,21.36,1081556,2318942926.0
2026-05-13,600031.SH,三一重工,21.2,21.46,21.03,21.39,861020,1836546448.0
2026-05-14,600031.SH,三一重工,21.38,21.55,20.6,20.61,839833,1758397339.0
2026-05-15,600031.SH,三一重工,20.6,20.98,20.35,20.46,861001,1772233321.0
2026-05-18,600031.SH,三一重工,20.4,20.4,19.21,19.39,1158029,2269724155.0
2026-05-19,600031.SH,三一重工,19.52,19.56,19.0,19.31,755237,1450043100.0
2026-05-20,600031.SH,三一重工,19.32,19.71,18.99,19.4,719779,1389019536.0
2026-05-21,600031.SH,三一重工,19.5,20.01,18.94,18.96,1251117,2442967253.0
2026-05-22,600031.SH,三一重工,19.3,19.3,18.8,18.96,672577,1272983000.0
2026-05-25,600031.SH,三一重工,19.11,19.44,18.69,18.83,727838,1377019641.0
2026-05-26,600031.SH,三一重工,18.78,19.13,18.58,18.88,1111605,2097719550.0
2026-05-27,600031.SH,三一重工,18.88,18.88,18.15,18.47,1150939,2120995217.0
2026-05-28,600031.SH,三一重工,18.42,18.43,17.65,17.9,1042509,1867619313.0
2026-05-29,600031.SH,三一重工,17.89,18.55,17.89,17.94,1341990,2435333116.0
2026-06-01,600031.SH,三一重工,17.91,18.23,17.38,18.07,1312840,2341229119.0
2026-06-02,600031.SH,三一重工,18.0,18.36,17.66,18.14,885398,1594117604.0
2026-06-03,600031.SH,三一重工,18.11,18.33,17.8,17.96,780235,1410122175.0
2026-06-04,600031.SH,三一重工,17.9,18.39,17.82,18.14,939873,1705617571.0
2026-06-05,600031.SH,三一重工,18.3,18.92,18.2,18.65,1364928,2538960689.0
2026-06-08,600031.SH,三一重工,19.0,19.99,19.0,19.51,2301728,4495822885.0
2026-06-09,600031.SH,三一重工,19.59,19.93,19.15,19.92,1428996,2813424221.0
2026-06-10,600031.SH,三一重工,19.92,19.99,18.68,18.85,1254176,2396779068.0
2026-06-11,600031.SH,三一重工,18.61,18.69,18.0,18.22,934074,1701857048.0
2026-06-12,600031.SH,三一重工,18.4,19.22,18.4,18.91,1130550,2135482986.0
2026-06-15,600031.SH,三一重工,19.32,19.89,19.0,19.19,920637,1782373332.0
2026-06-16,600031.SH,三一重工,19.22,19.31,18.59,18.65,902311,1702413830.0
2026-06-17,600031.SH,三一重工,18.55,18.93,18.45,18.91,705381,1322835921.0
2026-06-18,600031.SH,三一重工,18.81,18.89,18.29,18.37,772658,1429464000.0
